256 9085
13 9
880 5
3755 1151
692 2599
603 1274
4484 1154
8787 94
1168 1423
2787 3
90 78
1168 1325
2630 554
501 4131
3755 5016
818 2787
3702 3
3582 5000
554 769
850 505
56 448
1733 1214
1771 5000
4131 7943
1758 1
1632 378
3642 1947
1 683
19411 18
2475 603
6906 4733
1947 678
4733 498
1335 151
3270 9199
501 2599
101 1168
850 6906
850 1432
1739 2459
1327 449
2239 1771
2275 9767
9 1336
8785 106
9199 378
603 5000
1219 1329
3702 2787
1131 1328
1550 2515
3341 1168
554 938
6198 769
101 2651
1739 554
2599 896
5 1325
3341 1151
13 4189
502 938
437 1947
16274 769
63 1328
3465 1334
326 902
436 2459
2969 1632
101 595
1335 12865
63 326
2413 554
256 451
1142 1771
6198 3
11009 769
572 7508
7508 1947
5026 535
683 106
3582 8787
5190 151
1711 2599
850 13
2787 7943
2515 9199
19411 4034
1328 1752
3341 1422
818 4484
3270 902
1751 30
1219 1391
101 938
8787 16
11009 19711
683 692
320 2588
9199 7943
692 4995
900 541
5190 3755
2276 16
1733 449
1752 3687
902 9767
1391 1565
1415 2515
4428 896
151 1565
101 19711
1335 769
16274 7943
101 5016
3702 448
1219 16
5190 900
1771 1409
1751 1154
1327 8787
548 5026
1422 2654
2475 1771
1151 1214
2342 3582
101 139
56 6198
173 1355
818 87
1328 1219
554 719
818 30
818 4733
850 3642
4733 3644
4189 7943
1335 1415
1415 1432
9199 9196
2515 19711
6198 16274
56 902
1751 603
1168 595
1 151
1643 4428
2431 8787
5026 7897
5190 19682
554 2415
1752 1432
1643 1752
3687 256
151 1274
87 1168
818 56
3582 94
3702 9085
1632 769
326 1391
2599 10
9 595
1643 2515
3465 7872
1632 16
2475 320
1327 3582
2515 4995
4428 1407
4131 3
4995 8262
1643 692
101 1771
3582 19411
1391 1709
19682 10
2239 30
8787 1329
1632 10
326 1274
1758 1643
5026 8787
2475 1726
719 1336
276 719
1550 1752
1739 580
19411 106
818 850
2459 7872
87 378
9199 1409
8785 3886
719 595
6906 10
437 1219
2630 1219
8785 316
5 36
7508 2413
1752 541
326 1632
1947 94
2475 19682
1751 610
2475 5016
4189 505
2342 139
2239 5026
2774 4995
1711 151
4131 1432
1771 1274
9 4366
2239 19682
1168 580
683 3687
1632 1409
4131 4189
1726 316
603 610
572 6906
1711 1740
437 4131
3465 378
87 316
1758 4995
19411 1396
5190 1632
1947 3209
4995 21658
7508 8787
4995 139
2342 2654
101 5026
7508 2630
1771 1565
1 4189
78 548
16274 1632
2774 1632
9199 5000
1711 1219
1335 320
276 42
4428 595
554 902
3341 16274
1758 1422
1422 5026
437 3755
11009 1772
2969 572
5190 8785
5 19682
4189 535
16274 320
1771 12865
1327 8262
2342 133
19682 579
554 753
1752 2415
2275 133
326 1142
1219 42
2239 5190
151 139
1214 678
2630 2774
101 9196
1771 1407
548 448
7508 5026
502 1219
437 1142
1219 9767
173 18
1733 8785
548 1131
276 9199
173 1329
4189 4995
90 7508
326 19411
3270 1422
2275 1423
2969 1303
19682 4366
1327 173
3687 9199
3687 2651
3702 16274
5026 9348
9199 11190
1219 19411
19682 5039
5190 2459
1632 2654
3582 1947
1758 1391
256 541
1335 1168
1752 16274
437 173
3341 2342
2459 12865
902 7897
151 1734
1758 11009
78 1751
3642 1409
1131 8785
13 938
6906 1391
1550 850
1550 4484
4484 9767
63 1632
87 902
6198 133
9 256
4428 1168
548 4189
30 9199
320 938
1327 9849
900 42
437 505
719 2588
4995 21668
1947 42
501 9085
4995 1772
502 2431
692 502
502 256
276 5
326 151
2342 4995
1711 448
2431 5026
4995 9767
19682 449
1328 3341
2459 3465
30 4131
90 9199
548 818
2342 1632
2276 1632
2459 7943
101 449
1733 151
63 902
1151 850
78 900
1771 535
1151 4428
4428 3642
902 4995
1303 4189
2431 1168
572 1142
16274 2415
8787 505
719 4034
19411 1407
2475 101
2630 151
1 4733
5190 6198
3755 6906
4733 165
2275 9196
30 8787
1327 448
1415 610
276 3
1328 3755
56 2276
548 9085
1214 505
2515 1355
151 449
2969 9085
3642 9196
1328 1214
30 1391
2515 4366
7508 1752
2342 42
276 7508
1771 3644
3687 7897
6198 7870
1 42
11009 9
2630 1151
8785 1726
896 1219
6198 1947
11009 5
2413 5190
2342 1391
2774 1335
3270 603
1550 1422
3582 10010
3582 5026
8787 19711
13 133
5 378
5026 322
1142 451
1758 1328
16274 449
603 256
3341 719
5190 580
1739 19682
3642 5026
436 3
1739 7508
437 3465
2342 769
1415 4189
151 4995
437 900
320 1334
437 3687
1214 4366
1415 603
2515 7943
1328 1751
437 753
5190 1726
1142 7870
896 151
5 845
5026 19711
8785 3687
436 2774
1739 3886
5 3582
1142 4995
87 4131
87 603
151 256
1771 153
3465 6761
87 3582
2239 900
1151 256
2630 1274
19682 2515
9 11190
90 8785
572 2787
2475 2275
4189 10
8785 3642
437 11009
1947 123
1131 3465
4733 1947
1550 1415
90 2342
4995 1355
1 2475
2787 151
501 1407
880 1733
1726 1771
2276 16274
818 1632
2630 1632
326 938
880 9199
437 1409
1632 2651
7508 580
4484 1771
2275 3687
2630 4189
603 2654
3687 151
276 2787
320 94
603 151
2787 1391
5026 663
4733 753
1758 4484
1131 4733
2275 151
2969 554
1131 769
5190 4995
6906 153
1328 1409
1771 24
1752 1711
501 580
880 1771
1131 2275
4428 845
4995 2604
1711 4733
2475 850
90 19682
880 1643
2969 4733
173 769
4131 1407
5190 256
90 2515
902 1407
6198 9
603 1329
719 937
1752 42
1168 1409
1214 6906
1335 902
1739 502
16274 1325
692 10
4733 2651
8787 378
1739 19411
3755 378
2431 1391
320 2604
8785 850
880 4189
900 1325
2276 6906
2459 4189
2239 133
87 2787
2459 10
554 1632
2431 133
683 5026
56 9348
880 2239
3755 16274
2276 320
5026 2588
1214 2342
2475 8785
1632 1329
1214 1325
101 2787
2774 316
1632 19411
19682 769
2459 8262
502 1632
3702 1335
13 1168
2515 18
2342 541
8787 4431
173 28
3687 2415
1422 1947
437 2342
880 1131
2475 3341
7508 719
30 19682
692 5016
3755 1772
1752 850
1131 1151
4131 8262
5026 1329
2413 1142
1168 5016
5 2342
1142 4484
5190 2431
6198 1423
1752 4484
326 896
1733 6906
902 3465
6198 1409
1303 3687
1391 1807
2459 19411
683 1771
320 5000
4484 2599
4189 8787
101 719
8785 1772
11009 6906
151 24
2431 8276
436 1391
5 3465
2276 19682
447 5026
501 449
1303 502
572 19682
151 10
5026 1771
1422 5
78 2774
1726 896
2239 326
8785 449
101 9849
603 320
3270 12865
11009 56
572 1771
13 449
1303 4995
1733 1335
19682 3
13 902
6198 603
818 256
19411 36
16274 505
692 753
320 4034
1422 451
692 769
1643 8785
1335 1327
1303 2276
5190 16274
502 1409
1327 1214
2275 5016
30 3
3755 3
1327 320
4484 139
8785 769
447 719
896 3886
5026 541
2276 19411
5190 1711
2431 1432
1758 1303
818 3270
548 133
1415 769
4189 1772
902 603
2475 1947
447 3687
1643 9199
692 2275
4733 1409
603 663
3687 1154
3702 610
56 692
63 850
902 378
4189 1154
1771 663
1327 7870
2413 4428
320 8262
2969 56
2342 1565
8787 320
30 3465
447 1733
6198 3582
896 11190
7508 505
1219 1396
9 10
1 19411
1131 1391
818 276
4131 3381
1327 1632
1214 19682
1303 4428
2431 451
1151 36
2475 2654
5 1947
1771 1772
1739 449
5190 769
4131 19411
1733 2774
896 1947
1758 1327
19411 1154
683 1219
1131 133
13 3644
5190 1327
87 1432
1391 4431
818 9085
2459 3687
1214 3687
1771 19711
2475 938
78 1733
554 13
1219 580
2413 320
3341 12865
173 1807
502 2515
1758 2431
56 541
3687 11190
2969 101
1711 1274
4131 3687
5 3886
276 320
78 87
1422 902
572 42
2459 2599
1739 900
2459 3644
1947 106
3582 678
1219 12880
900 3582
6906 937
1219 2604
1142 6906
850 9085
11009 106
1632 12865
1752 3582
683 554
173 1409
2969 1752
548 3
3270 3465
603 1947
3702 133
63 1142
5 320
1327 316
1550 3755
2969 1947
3642 7872
692 6198
902 2415
326 4428
548 554
3702 1219
4189 5026
880 1142
2276 9196
3582 4431
276 449
5190 5026
7508 610
1131 3642
880 683
101 448
683 902
896 1772
554 1432
2431 2415
554 2431
692 1214
2599 2342
1947 10010
1733 2599
850 1740
1214 6761
1752 13
1751 1407
1758 19411
1643 173
3465 256
1422 1740
1328 4131
1632 719
173 6761
2431 823
30 12865
151 9085
3702 2774
1142 1274
6906 678
2275 3644
2275 1947
1214 10010
1752 4131
9 678
276 1391
2459 16274
1391 2604
173 3886
9199 133
1643 5026
3465 19682
256 1740
256 9199
3341 2654
572 4995
719 2415
6906 541
2431 663
1711 1632
90 9
3702 2276
8787 535
548 316
30 378
3642 16274
2787 36
2275 449
1771 5039
4995 610
56 9199
2275 6761
2515 1709
19411 9348
2515 1407
6198 2431
896 9085
1632 173
896 1702
151 845
1151 719
1422 4131
1219 123
1168 1740
3582 535
4733 10010
3270 4733
8785 1391
1632 12880
880 572
2787 11190
78 3341
19411 1432
3465 9348
1168 7872
87 8262
256 184
1327 1432
173 12880
2239 3341
4995 9849
2475 1168
3341 3642
56 3
683 320
1632 3687
4189 9085
13 9196
1751 3687
3582 7872
603 18
692 580
502 1947
1131 580
2342 2651
603 19682
56 1711
2630 448
3755 1726
1726 7943
900 3
5026 1336
1726 902
1643 276
4995 3644
3755 19682
3270 1219
4131 580
5026 1396
3270 580
2431 10
4995 5000
502 1407
1739 276
554 6198
501 3886
2787 6906
1168 5039
320 1734
2515 1334
896 2515
4484 36
7508 6906
6198 595
19682 541
1131 6198
9199 9767
3270 1771
4428 1772
90 4131
8785 1409
7508 11009
1771 2604
447 3886
2515 322
1550 1643
896 753
19682 173
1151 320
3582 19682
101 3886
436 2630
1391 938
326 1422
603 937
4189 19682
6198 19682
7508 850
502 580
501 2774
554 133
2413 6906
1550 3702
2459 692
9199 153
4995 19711
1422 449
5190 2475
4131 9
447 2413
78 3270
818 1739
2239 256
90 19411
4428 2515
256 3
1739 1335
2475 7872
1391 322
4131 5016
1711 3644
2276 1168
447 12865
7508 900
2515 165
2475 30
896 1325
3270 769
1726 4131
436 4131
2239 896
101 7870
719 1709
4189 769
3642 19411
9199 8276
1947 36
447 56
1391 173
3687 505
692 6761
2239 692
1711 2275
30 1740
8785 256
3465 28
1168 123
1335 19711
1168 1709
320 1355
1550 1391
5026 18
2239 3687
3687 3
173 595
256 21658
447 1327
78 2413
63 447
256 2588
56 9
3642 449
3642 541
2774 902
1632 603
19411 7943
719 165
2630 1432
2774 1214
256 6761
2599 4189
1391 1274
4484 19711
8785 580
1142 6761
4995 133
1415 10010
900 505
896 2654
1550 1168
4428 2599
326 19711
502 9767
554 2787
1328 554
1632 1407
1643 1151
1632 678
4189 4431
1758 1214
818 42
447 449
1303 5
8785 1407
1733 87
818 1415
2969 1771
3702 19711
1328 8262
90 683
1335 541
7508 3270
1751 3465
447 2239
11009 1391
4189 316
502 595
5026 42
3702 316
1643 5
2475 1415
1214 1423
320 5016
2413 501
880 4995
4733 94
1 1415
436 1771
501 505
56 1947
2787 1432
1328 4733
8787 1168
1131 1711
7508 9199
256 2654
2774 133
2475 502
63 30
603 7897
2459 2415
78 7508
56 3465
2475 1154
1739 1752
9 1407
1771 719
900 9348
3465 4995
719 1772
1771 106
5026 1168
1214 11190
1142 19682
1726 4995
19682 580
2275 10
3755 900
78 256
19411 2604
896 12865
1751 753
850 1772
1391 1423
2515 1409
3702 1947
1758 880
5190 9085
902 1740
101 845
2475 3582
719 8262
554 3886
1219 139
1758 3755
19682 7897
1303 900
1758 2413
447 256
1422 42
447 2599
3702 8262
2475 326
11009 1168
902 2342
1643 2459
63 1422
3687 1432
1739 1214
683 151
19411 9849
572 2515
8785 2431
3465 4431
1422 3465
19682 8262
572 8262
1632 316
1219 541
2276 8276
692 3209
63 4131
6906 2604
719 1432
1214 4189
1328 5190
173 7870
320 449
501 1947
8787 6761
6198 2588
101 1632
2413 1771
1168 3465
2459 316
896 1154
9199 7897
9199 6761
1168 6761
1303 896
3582 2415
4428 2276
6906 1409
3341 8787
2239 3270
1142 12865
1726 1423
63 548
151 823
1 256
603 448
1632 3465
78 2431
2630 13
19682 1772
256 1772
1 9085
692 2276
1947 1423
3465 1734
896 1565
880 1168
1142 94
11009 19682
320 719
692 1740
1214 2651
3465 2654
436 2969
6198 2342
2969 3687
2459 610
2276 9
1643 437
572 5
9199 1325
1752 3886
101 2599
1733 1328
1303 2787
4131 320
56 19711
4131 603
3270 5026
3270 4428
1151 3687
2431 541
1 1151
1219 769
19411 12880
4131 9849
3465 153
554 1726
2969 818
1422 3582
11009 1422
6198 4995
5 4484
572 2342
683 42
9199 36
13 2431
1751 3886
896 106
3582 19711
87 3209
5 1423
1751 2787
683 505
1632 1168
2413 1391
436 3465
719 9085
4131 505
1415 2787
2276 151
151 1807
692 3642
1726 1214
2276 133
1327 610
19682 19711
3687 753
554 1947
16274 603
1739 13
3582 610
1758 1733
101 4995
2431 42
554 1415
1391 24
2459 1409
56 1327
4189 3644
850 2415
1142 87
2276 9767
896 19682
56 19411
501 19411
2515 1432
5 1432
4428 850
63 2774
63 1
151 1407
900 451
1751 1771
19411 753
4428 1740
2275 19682
1151 7872
1643 1726
276 502
3465 451
4733 769
1632 580
320 3
9 3381
1131 896
3582 595
101 535
548 1632
5026 2515
3687 320
3341 769
1219 3209
1758 78
1142 1409
1415 1565
19411 5039
13 3465
2413 19411
501 326
1947 28
502 94
3642 1740
2342 1219
1303 5190
2342 663
2276 3644
101 106
4995 9199
11009 30
8787 12880
4733 16
4995 378
1335 502
9 4431
1415 7870
2342 1329
437 1328
3582 4995
437 12865
2475 4131
3755 2415
63 2459
2276 719
3642 7943
900 502
8785 6761
276 3702
692 2654
2515 2415
719 451
1214 10
30 13
4428 2342
447 3702
8785 1327
16274 3687
87 4995
850 320
2276 2604
572 133
683 16274
326 5026
8787 3644
9199 1407
2276 449
8787 9348
1758 2239
3755 719
2342 3687
2276 451
1328 1422
3687 1947
902 4131
1752 1151
173 1709
11009 1274
3341 502
1303 87
2969 6198
4131 1565
1327 1142
19411 1740
5 448
1415 173
4428 42
4189 378
1151 5
692 451
902 1329
151 16
1422 378
437 19711
719 12865
1739 3
1758 87
8785 8787
1711 9196
1415 1409
880 3341
320 579
900 1151
5190 1168
19411 21658
30 2787
1643 4131
3465 151
896 9767
6906 28
437 16274
1328 2275
78 8787
90 30
101 3465
276 3642
603 1565
2475 378
3755 13
1151 580
501 1771
2787 10
1131 316
3702 3270
1739 2415
436 572
4189 9348
78 1131
1771 3381
1752 692
548 4428
2275 1329
101 10
1328 2459
2239 87
2969 1142
2515 4431
11009 610
5026 9849
437 541
7508 1328
151 451
1726 173
16274 9196
1214 3381
1151 106
548 1415
16274 535
1328 902
5190 1409
1151 1274
1758 902
320 9849
13 42
1214 1329
30 1423
9199 322
326 1711
3582 3381
3341 6198
1391 3
692 7872
320 753
1739 2342
2342 320
1739 16274
548 1303
880 436
78 11009
3687 7943
2630 3
1415 1325
900 1632
4995 5016
1131 6906
1391 184
3270 320
2787 139
13 753
1632 1154
1643 56
2342 19411
4189 1632
1752 5026
87 9767
6198 7872
1 1328
548 13
7508 56
1415 11190
1415 448
30 2275
1643 580
548 5190
1219 2588
900 2588
1303 2774
3341 30
900 133
1758 1751
56 6906
1219 3644
4484 10010
683 276
9 3
818 505
2787 173
501 1168
1758 16274
101 823
447 320
850 678
1733 3642
2276 541
502 2342
4428 1142
2276 9199
900 5
2239 4484
19682 1396
1947 1154
2431 4995
2342 845
719 139
173 449
1550 2459
1752 1154
5 1740
2774 1772
1726 1415
6906 1947
2342 9
101 1329
548 2515
63 9199
2275 139
2413 2515
6198 9199
78 3465
3755 502
4189 7870
1142 9
276 4189
1733 580
1758 2276
1632 9196
11009 1726
603 719
276 12865
6198 316
19411 845
850 1325
101 1154
5026 3381
1550 2475
2630 378
2431 1409
9 9849
4428 316
1758 683
902 4484
7508 6198
78 6198
1632 1565
30 2342
1168 3209
1733 106
19411 1565
1752 769
1142 1565
502 1772
11009 2431
1151 13
2342 19682
1151 1415
3755 30
13 769
572 437
4189 4366
1758 719
4484 7897
436 3582
3465 42
8787 16274
2275 6198
3270 151
7508 449
2969 501
4131 1772
1422 9085
151 1154
11009 2475
4131 2651
2413 8787
1422 2275
9199 21658
1947 2588
30 753
1733 2475
2413 8785
1415 6906
2342 2588
548 1643
56 8787
1335 16274
9199 184
2599 1947
6906 3381
1328 1142
8785 2599
4428 4733
1131 3687
1328 4189
1632 3381
4189 42
683 8787
101 1947
11009 4189
1733 9085
2275 1772
2630 2275
1142 1947
87 1632
6198 2651
501 6198
683 56
63 3582
256 18
5190 1752
1415 902
1771 378
1758 1219
13 595
1550 4733
30 2599
1632 4431
6906 505
1758 173
30 5016
818 1733
5190 610
437 133
1168 106
1214 3
1643 1947
13 10010
502 6906
502 9849
719 9196
902 2588
1758 692
7508 8262
16274 1709
1415 3582
1335 3
1751 326
1415 9849
101 3381
1335 1219
16274 5039
683 1751
2431 3465
4428 769
173 9085
719 2604
2787 1709
502 9199
4995 1565
8787 19682
1758 2475
3687 8262
1328 1415
1214 9085
3702 320
16274 36
6198 1214
4189 320
1550 818
2630 2431
11009 3755
63 4733
1219 1734
6906 4366
8787 1325
5 1711
502 106
2431 845
502 19411
9199 1334
87 3687
276 13
2475 449
3687 173
1131 12865
16274 9767
850 9348
4484 449
4733 3886
1327 938
3687 19682
900 850
896 1771
5 6198
16274 12865
151 28
502 1432
19682 9849
1 1219
1550 9
1131 4189
1711 4189
1771 10
548 447
87 663
8785 9348
3582 3644
5190 1432
692 87
56 1168
4995 1409
2969 692
9199 535
3702 719
256 535
900 30
87 10010
1733 30
6906 9196
1168 610
880 5190
5 9199
3642 9348
1219 5039
502 7897
101 1423
56 1772
436 896
9199 1336
8785 320
896 1168
13 9767
692 19682
11009 1947
6198 3687
2630 87
818 1219
16274 9199
8785 719
3270 3
1 501
1947 24
8787 173
4189 451
1632 1740
880 2774
683 719
437 2599
2515 5000
63 2515
3341 2787
2774 3687
1142 3642
1391 6761
19411 184
5190 1335
326 106
3642 173
3642 151
437 19682
4995 7943
151 3886
719 7897
1335 4428
19682 2604
3642 9849
63 56
8787 1423
19682 9085
8785 502
1131 4428
9 663
902 3687
56 610
447 610
2413 2275
447 7508
4189 9199
1415 3687
90 2599
78 1711
4189 1565
6906 19411
2787 5026
2413 1415
1168 7897
1422 753
7508 2774
1335 2787
256 1396
572 16274
19682 1336
173 678
436 316
1711 16274
436 1303
4428 2415
30 1409
1947 139
896 1274
1771 1947
16274 1947
1733 173
3642 1214
1726 3644
1422 1407
1328 1327
90 1335
3582 1772
719 19729
7508 769
4484 3465
151 4034
900 902
3270 2275
87 1740
2774 1726
436 1711
900 19682
1632 3209
2774 101
63 87
3687 1740
7508 554
1219 1407
1335 19411
1 436
850 2342
5 4733
1219 2654
1733 1947
2774 1771
2239 9199
1328 2276
1643 101
56 1407
1947 40
1415 7897
78 4995
6198 94
447 580
1422 4995
3341 753
1415 5016
2475 6761
1733 1422
63 900
1151 541
437 1432
1758 2515
5190 1422
16274 7897
2239 8785
2342 753
818 2630
256 4431
447 448
447 4733
692 3886
3270 3341
1422 1142
1643 1131
19682 1565
6198 9348
1422 850
1643 30
173 16
276 2342
173 579
603 7870
5 42
5026 9196
3687 4431
1328 2431
5026 4366
173 2604
1751 1214
436 2475
2239 101
1751 19711
1328 448
1214 7897
3582 11190
3582 2654
902 9
818 7508
3755 4995
1739 1142
11009 2415
1142 3687
2774 1142
880 2413
2413 42
447 3465
9199 5039
11009 320
2276 1947
902 9196
2413 1327
19411 19711
502 2787
502 11190
1214 106
2787 9
2239 9085
1335 692
1752 19411
1219 320
1550 1219
2342 1771
19682 1154
2515 1423
1752 1327
78 3687
1328 1632
1303 56
13 8787
4995 19411
1131 56
2239 3702
850 7943
2515 10
2599 1219
2413 1422
3755 554
1168 256
320 11190
2774 850
4189 2604
3642 1771
3465 678
30 5
902 9085
1739 8785
683 610
5 133
1328 1772
87 2275
90 1752
896 173
173 1274
4428 5016
683 1328
1758 2459
1422 10
2774 2787
19411 8276
4995 19729
2276 2415
2413 3582
2630 1168
2276 1771
436 2787
11009 378
1391 7872
101 7943
2459 451
5026 1407
437 1168
4484 256
683 8262
4189 6906
2599 10010
326 7872
2969 7508
3582 1709
1947 937
101 603
1758 447
8785 610
1151 2342
437 8262
1726 2415
4428 7943
1151 16274
572 902
4995 938
554 6761
5026 256
1711 7943
5026 3644
1131 2475
1726 10
1131 5026
1733 1327
1739 610
2276 4431
1643 769
850 19682
572 1751
6906 139
572 256
1947 823
151 1325
4484 595
447 850
1632 11190
2599 1274
1752 9
1415 256
4733 3
1947 9348
3702 1214
2787 9767
603 580
554 4995
603 133
548 9199
173 256
902 320
173 937
572 1303
9 449
2459 448
30 2431
2239 1432
818 19411
3582 1325
501 56
5190 316
3341 1947
719 3209
3341 1432
63 3755
1219 10010
2413 896
1632 7943
56 3886
11009 896
1142 3644
902 663
19682 8276
2413 1214
30 580
326 6198
572 719
3341 1154
276 378
1335 133
3341 3582
896 451
19411 7872
5026 3687
1739 4189
502 9
4131 678
9199 937
880 2275
16274 3886
8785 7870
16274 3
2969 902
3270 1632
2774 8787
1214 2654
19411 5016
4733 2588
1733 8262
8787 1219
2342 823
63 8785
5026 603
63 719
692 106
5026 1947
1733 6198
4484 106
1947 18
603 595
1 900
4484 2431
2969 1214
1711 902
4484 2342
3755 4428
9199 21668
4484 451
1131 2787
30 36
1142 896
2515 153
326 1772
13 1274
6198 8262
2515 451
3582 1391
4484 9849
880 133
501 3687
1550 1733
5 2431
3465 3
683 448
2275 1219
1391 28
3702 1422
1 502
101 2515
3755 256
4484 7870
4995 16
1733 5190
2630 5
4189 16
1214 12865
502 1396
90 502
276 256
3687 580
880 850
437 1422
1142 580
1711 1214
880 8785
2459 1154
719 133
19411 451
850 1391
2431 9767
1739 719
256 4034
56 1142
548 2431
437 1772
1131 1168
1751 1947
276 3886
2342 1432
1214 1947
8787 3465
63 11009
2459 603
78 4131
326 719
2787 42
603 769
276 316
87 133
101 4366
1328 9
1422 896
1733 4189
1632 823
1 3702
896 2588
1632 9849
2515 595
896 6906
2342 1396
56 1726
896 719
256 133
276 437
90 572
101 1772
436 30
8787 2515
2276 2654
8785 173
4995 580
2459 6198
2431 12865
2774 5026
572 87
326 1407
447 692
2342 678
6198 896
6906 316
4428 3687
3582 1407
4131 2276
1733 13
2787 133
2787 663
4428 87
7508 4733
6198 9196
2459 1432
87 1154
2413 1219
3642 10
1415 4995
5 16274
13 1772
63 320
1391 11190
320 3886
9199 1709
30 1214
3687 1325
2774 3886
902 451
880 603
1214 1740
2969 2787
1771 94
4995 1154
1391 5016
436 2276
436 692
437 1711
2276 5026
572 448
818 173
4484 1565
2413 2787
1327 663
1391 2415
1752 2654
9 133
1643 1142
326 133
437 2415
1751 173
1 1391
2630 2276
896 845
151 2515
1752 30
1327 719
6198 42
1303 1947
1391 663
3582 663
692 9199
554 3642
101 6198
1328 501
9199 595
19682 448
896 3687
1758 603
63 2276
447 1328
1751 1772
902 3642
16274 5000
4484 1709
276 9
5190 87
3465 541
502 173
63 19411
548 1733
2774 7872
3465 9196
6906 94
1739 2515
1 1711
896 19711
2431 580
502 1214
1711 3582
1 4131
548 6198
683 3582
173 8262
5 1407
572 5190
8785 2342
1303 3341
16274 3381
4484 2787
78 6906
1219 1325
554 448
7508 1151
1758 2787
1733 1142
683 3
1327 1771
896 16
1391 1334
3465 322
548 2276
2969 1335
1632 151
5 1391
2630 692
1391 3465
16274 3465
1771 3465
554 505
4995 322
1214 3644
1168 449
3582 1565
719 7872
3465 1947
3582 7870
437 2515
4131 938
2431 6761
3341 448
900 448
19682 12880
2599 2588
880 2630
3582 603
2515 24
2275 36
11009 2342
2413 2415
447 1151
2342 1274
1758 56
6198 3209
1733 16274
11009 603
1947 938
437 8785
683 1151
9 106
9199 81
4995 123
1391 42
2239 2599
3642 1396
2630 1771
6906 19682
1335 2431
900 106
900 1274
501 1151
90 16274
1739 2431
572 19411
1327 4995
151 579
2475 13
1771 11190
1219 4733
1550 8785
19411 133
3270 2599
3755 896
13 3886
63 4189
1335 900
5026 151
5190 101
16274 151
4428 9085
1771 769
436 4995
1733 2630
5 7943
4995 12865
4189 3
256 1807
13 378
3687 4366
1947 845
683 3465
1733 1415
3582 139
8787 1632
902 1565
603 3687
9199 19729
11009 1335
6198 36
502 19711
6198 256
2239 1168
13 4733
4733 139
4733 256
1327 5026
1327 451
101 12865
326 448
256 9849
4131 753
2630 11009
2276 1329
1771 1709
818 1711
1643 3582
2787 316
13 5026
9199 753
1947 12880
2774 9
437 501
6198 8787
19682 2654
1751 9
13 663
4733 5000
3341 1726
87 938
1219 4431
1550 436
818 3582
19411 1329
572 850
436 8785
16274 1409
1643 1214
1711 1409
880 437
173 4733
2342 7943
683 4995
548 1391
3642 7870
1422 1151
151 123
692 8787
151 12880
3465 106
1303 2515
5190 19711
1758 3702
1142 9085
7508 1432
2969 1739
2774 8785
1168 938
1131 3
19682 1334
101 7897
1643 902
603 505
1751 1335
4131 7872
2787 451
902 12865
256 1423
63 3642
2774 256
502 12865
4995 4366
501 1409
3270 505
5026 9199
90 1422
4131 1391
16274 6906
1947 9085
1422 3642
9199 1734
9 823
2515 11060
256 316
2475 2515
3582 10
692 1407
151 378
4484 1772
719 5000
548 1422
4733 1772
1415 3209
4733 2604
5026 12865
30 6906
320 9767
1726 603
1758 30
4733 7872
1739 6198
1711 5026
2969 3270
11009 3465
276 3465
2239 1711
4131 256
4189 4733
900 449
1214 9849
56 2415
1422 36
1168 322
2431 2654
4428 3582
11009 1632
6906 2588
2475 106
9 5026
2275 1740
896 94
56 7872
692 1168
1758 3270
2515 40
572 501
4428 1771
1303 6198
3582 9199
1219 5000
101 7872
447 4131
1947 449
4131 139
2515 9767
1328 3
1751 8262
2969 316
719 610
5190 378
1726 12865
63 2239
900 845
2475 1219
1752 256
1328 1154
320 823
1335 3687
1758 1131
5190 326
2475 1151
1327 4733
90 2239
151 2654
3582 6761
4428 36
1415 1168
9 1632
3270 3582
1303 16274
2599 823
1947 753
56 1214
13 101
1758 1752
2787 123
151 42
1335 1432
1758 2969
151 3644
501 3
719 753
902 1274
2239 2787
7508 151
8787 448
818 3642
1 276
4131 4366
13 2415
1632 3
1168 1771
2630 3755
850 9
1550 2599
1415 4131
2630 1751
1733 320
2342 151
1142 7897
1327 2599
7508 256
1151 1391
900 173
4484 3381
1151 3465
87 8787
1711 2342
3755 1432
603 12865
256 9196
2969 448
603 3465
1151 845
9 610
2515 21668
1391 18
4995 1329
2431 937
1632 3644
1335 9
1632 541
436 19411
30 692
2431 6906
502 3644
3702 2342
256 153
6198 823
320 1336
4995 451
1733 692
78 2239
900 9196
1422 87
1726 19682
1733 3582
2459 4428
19682 18
502 320
1142 9849
436 2275
1151 663
6198 1168
850 101
1422 4428
3341 1772
2787 12880
3755 19411
1771 19411
1391 5039
30 1422
4995 94
436 4428
1151 2275
1214 663
603 94
2475 580
173 11190
1739 173
3687 3644
5 1772
683 2239
1751 505
2413 3755
1391 1740
1422 4733
554 1327
1758 9199
2774 1151
1643 3702
4995 3
276 106
9199 325
87 845
1752 2459
320 498
5190 3465
4189 1947
818 133
2969 19411
3582 2604
896 2651
683 572
4131 3209
1752 2787
1550 78
16274 610
5 8262
19682 2415
2787 19711
2774 13
2239 2431
56 173
2787 8262
19682 1807
1131 1415
3270 173
692 541
1726 580
7508 3886
2276 10010
2599 8262
554 7872
3341 2459
1947 9767
8787 9085
1219 378
1335 4189
3270 1151
1335 19682
1415 2276
3582 1168
1131 1214
4428 502
548 683
1303 1335
447 2787
1328 1711
5026 1391
1328 326
719 769
902 16274
5026 1709
78 501
1 818
173 1565
11009 9199
4995 541
2515 378
30 9196
2431 603
101 4189
548 151
1219 938
683 2413
6906 719
1131 1432
1303 3886
2276 937
572 3270
9 1396
1303 1327
8785 1142
2787 3209
2630 1422
2774 692
1751 6198
447 1303
1168 4995
1733 4995
554 1409
1151 1325
1214 1565
326 2342
3642 663
4733 28
8787 937
19411 165
902 2654
63 1219
63 6198
1415 16274
1726 42
2276 1407
1214 1154
5190 1274
19411 2654
1328 2787
1726 2599
173 2588
151 18
90 548
603 2515
90 896
2239 5
1303 1219
2774 5
1391 580
2413 3642
850 3
6906 8276
8785 151
1711 378
1752 2515
1752 8262
900 769
572 1739
1415 3644
1142 5016
4428 19411
6906 580
320 19411
2342 3465
9199 448
1733 326
1752 902
896 3
501 1391
1643 16274
1726 5026
11009 2774
7508 2515
320 153
8787 151
276 1335
3270 610
1327 692
2276 11190
8787 1336
1142 719
1711 1772
19682 36
6906 2651
3755 4189
4189 3381
548 19411
3270 56
8785 5016
90 1391
572 2475
554 4131
447 1726
880 173
1219 1565
2969 719
5026 4733
2475 1752
692 42
880 1
11009 2459
502 7870
19411 316
3755 580
548 692
1771 9767
2431 36
1726 9196
3702 8787
1752 4428
2459 9199
683 2459
16274 1391
2630 719
719 4431
1733 2459
818 320
447 8787
4484 4995
719 845
2413 13
880 719
1422 1274
2630 501
1335 2276
326 900
276 2415
3465 610
1726 692
548 7508
4428 902
1391 719
276 2515
1751 3642
1711 1947
1 2413
900 3886
2774 4484
554 1711
436 1632
326 502
276 4484
1391 106
2459 9849
1643 3465
4995 4034
101 173
2276 123
63 16274
683 4189
2969 1643
9199 1329
56 3582
2275 8262
2431 4366
683 2431
437 2275
5026 5016
90 2275
603 541
436 56
5026 36
1327 87
3270 1772
3642 3381
3270 896
902 2431
447 9
447 316
3642 19682
603 753
9199 2654
1142 42
1142 151
2515 1807
8787 1947
548 106
2413 2475
101 1409
3755 2431
3642 378
3702 1327
1151 449
1219 153
2630 106
3755 3465
320 1702
63 1739
101 9085
2275 7897
2431 320
4733 12865
19411 448
6198 5016
2774 1327
5190 4484
3582 5016
447 1335
683 1711
1422 1726
1739 1726
3702 6906
11009 753
8785 2459
2774 7943
2475 1325
3687 1355
1752 7943
276 19411
13 9849
11009 4131
63 554
880 1726
13 603
5 4995
5026 719
1219 256
2431 3381
880 1328
326 2431
1947 4995
1 896
4484 1407
1 9199
13 451
1 2431
1327 5016
19411 2651
1168 753
3687 448
4995 1432
4484 9199
4733 719
1327 10010
1733 501
320 451
8787 610
902 256
902 1632
1751 5016
326 603
2275 1432
1303 9
1168 1947
1550 90
151 1336
2275 719
5 541
2515 12880
1733 4131
437 106
87 610
1303 151
3582 4366
1726 1740
7508 1168
548 2459
1422 320
2431 8262
13 6906
2787 580
1711 2276
173 7897
2787 610
1726 2342
2342 9348
2475 610
1771 28
1739 4733
436 1335
548 2413
1142 902
87 9199
326 5
90 1643
902 769
1327 151
719 3886
1711 8787
436 151
437 8787
2969 276
9199 7870
1947 12865
3687 5000
2599 19411
9199 1807
1758 436
4733 579
3341 3687
1335 1391
256 16
56 5026
2774 4189
1752 449
2275 1396
1168 1432
1752 502
1643 3
9 139
1422 1214
90 320
4189 1409
900 378
1643 320
1643 2599
9199 1772
2515 28
501 2515
173 322
2630 1327
3270 1726
2276 1565
9 1565
3582 320
437 5
19411 9085
1168 4431
436 603
276 4733
1214 123
850 4189
276 19682
9 603
3270 1751
1711 678
2774 3582
5190 2599
692 6906
2630 30
320 9085
572 2431
880 42
9 1168
880 87
1 2275
3702 1168
3642 678
1391 4995
1303 554
9199 579
3465 94
501 2276
1328 1947
276 902
1151 1407
7508 2276
256 9348
2475 3465
19682 3644
4131 123
554 2276
8785 4428
320 448
19682 938
447 4995
1142 753
4189 5016
3702 505
2599 7897
2787 1219
2787 1565
502 448
78 502
7508 2599
3687 6761
4995 2651
1327 1154
13 3209
902 595
8785 9
326 850
554 3582
896 8276
1752 10
850 580
320 7943
692 7870
4131 10010
9199 1740
1758 151
256 3886
3270 4484
63 2969
173 3
2630 3687
7508 3
3642 9
78 13
256 322
151 11060
4995 595
9 937
1947 3644
5 610
4733 19711
1733 2415
4995 40
326 320
1752 896
90 900
2413 769
3755 2515
1632 36
326 1219
4484 663
3465 449
9 1740
1219 94
90 554
5026 678
572 610
9 1772
63 106
896 9196
5190 3582
719 541
719 322
276 4131
16274 1329
4484 1432
173 505
2431 2651
1947 153
5 316
2413 3270
2787 16
2787 256
6906 595
572 9
3341 541
63 3270
13 610
3270 6906
3270 2276
548 2275
501 9199
1131 101
548 3582
2431 938
2515 8276
437 1154
78 276
19411 1734
5190 1219
3341 378
3582 3687
1550 692
4131 1409
2774 1752
1550 2276
2515 4034
4995 1334
902 1168
683 2630
603 153
692 4131
1947 9849
30 449
1733 2342
818 316
692 9348
276 1219
8785 845
2342 719
603 9199
2475 1422
3270 2515
78 151
151 1396
554 56
719 505
502 451
2275 7870
554 7943
1335 1409
2515 19411
19682 3381
1771 1334
1415 3
8787 8276
11009 1711
3465 10
447 11009
2787 16274
2239 554
5026 449
1733 19682
7508 2459
902 3582
4995 7897
5 173
850 3465
902 7872
3270 1391
1335 6761
1643 4484
3687 3381
63 502
1739 2630
1422 692
1711 1565
3341 6761
1335 256
3702 769
63 1131
1328 9348
1550 256
30 2415
896 36
850 1168
3341 4733
1391 256
3465 173
850 719
902 9348
3687 10
2239 7508
2459 3642
1391 151
1142 595
78 5190
256 165
4484 3209
2459 42
4189 11190
4189 580
1303 1214
2630 1214
1550 1771
902 5016
6906 8262
2630 16274
30 1947
3755 8262
437 1415
1328 9085
4428 9348
3687 106
4189 12880
1422 101
1168 18
30 1632
3465 1329
56 8785
683 4131
5190 13
437 2787
501 2475
2475 4189
719 1274
1335 1947
2515 1329
1335 2342
19411 3574
1422 2415
30 87
6906 4431
7508 1711
6906 1154
1 173
1335 106
2276 610
173 451
502 6761
19682 505
87 678
2459 2654
9 316
818 106
1643 1415
4189 449
1733 2787
2599 7870
56 101
16274 595
2413 2630
9 16
19411 3209
1415 938
880 502
6198 1329
4995 9348
2431 151
4484 1740
320 1274
2413 1335
1550 900
548 501
4428 2588
1550 2413
1947 1407
1726 5
4131 4733
719 3644
2774 9196
151 106
6198 1771
151 2604
1168 937
447 4189
276 1752
554 256
63 1726
5026 451
900 4189
683 256
692 4189
256 7943
13 19411
1751 4428
1335 1423
2969 2275
3702 2515
554 8787
90 436
4189 1432
173 5039
101 3582
900 3687
320 1772
1151 1711
2599 603
1214 4131
7508 437
256 19729
3642 3886
1947 498
2787 322
1947 7943
1131 2459
572 1632
1751 12865
4484 3642
1168 541
1739 2276
1739 151
501 1711
151 580
2515 3209
56 2599
2431 106
2599 36
2413 106
1752 7872
173 106
4428 1274
900 1142
276 554
320 9196
3642 6906
6906 823
683 850
1327 19682
2630 4131
436 1643
880 256
2431 123
13 16274
7508 3687
2475 554
548 4484
326 1325
554 1214
4995 769
437 3886
1391 19411
4484 101
2475 133
78 4484
30 173
2475 256
1214 603
3341 320
1142 2787
8787 753
1726 6198
1550 3270
2275 5026
256 1709
6906 3
902 3209
2787 106
2515 3574
19682 5016
3702 2475
1643 1391
173 1336
1391 451
1219 1336
1632 18
5026 1632
256 42
4131 1274
16274 139
1947 1740
56 1752
900 610
2787 19682
502 663
1550 1632
4995 7870
320 10
4131 1329
2459 6906
1739 4995
880 3
6198 16
3582 7943
900 2431
276 1327
548 1327
1752 4995
850 5026
2787 769
502 2599
151 1432
4484 678
2459 5026
502 3687
1214 256
3582 1632
902 133
437 3582
320 2654
1335 3465
30 42
6906 18
1422 580
4733 1807
548 1335
2969 850
3687 9196
1303 276
5 7870
447 2275
683 5
1947 2415
4733 123
501 3582
4995 1396
1947 5000
3755 501
2774 320
2969 1391
1752 9196
1142 1423
1219 823
1214 2599
4131 845
900 4428
90 1733
1 1214
1632 42
719 1565
1733 4428
692 1772
900 2654
2787 12865
850 4131
1131 256
3465 2588
1947 7870
502 151
19682 378
2969 502
1303 2599
87 1274
692 2588
1726 9199
2276 3886
9 2515
9 9196
78 1168
902 19711
437 1751
572 4131
1711 896
2342 8262
4189 9196
2431 1274
4733 4995
90 880
2275 19711
2431 7897
436 2599
3270 87
1739 6906
1751 4733
9199 449
896 1632
1771 1432
3465 2651
2630 1154
4189 1423
572 2276
4733 9085
719 16
1422 9348
3642 769
2475 3642
2515 9085
7508 316
151 505
896 1409
447 19682
603 1423
554 1274
4428 1219
572 896
320 595
1214 3886
554 16274
3702 2275
850 2787
3341 2415
4484 316
2969 2276
2431 1771
101 505
3755 151
2599 3465
2459 850
2459 9085
3270 1947
7508 2431
320 541
1947 1274
30 316
1303 9199
1726 151
900 7872
7508 101
6906 151
276 2431
63 2475
1214 151
2630 9
2239 1151
1327 42
1632 1396
818 1303
2630 896
8785 753
548 2239
2459 1142
173 320
56 13
2515 94
101 1391
90 3341
5190 1151
7508 8785
447 1771
6906 5016
2630 173
554 4733
1752 316
8787 823
1219 8262
6906 1274
30 8262
1214 1219
2774 4428
16274 123
2630 900
6198 3644
326 6906
2774 19711
2413 1947
30 505
5190 1772
9199 94
6906 7872
5026 8262
896 603
1415 42
4484 9085
850 1142
1327 3465
1151 4484
1219 1409
603 12880
30 451
896 678
78 610
1771 1702
2630 1142
502 4131
880 900
1733 4484
2459 896
19682 719
8787 106
4189 1396
3582 6906
1752 1407
256 1274
87 139
4995 10010
6198 505
2599 3209
4428 1154
87 1407
447 173
896 4189
719 1325
4428 1409
78 16274
6906 2415
1726 8787
900 87
3270 1154
3702 13
1415 2415
683 326
256 1336
850 603
78 106
2475 56
1711 3465
9199 2588
1142 2276
4484 938
19411 2588
6906 610
436 4189
8785 938
4995 663
78 9199
101 2588
4733 153
1168 4733
3755 106
1 13
2275 9085
1335 7872
2969 437
78 133
1643 87
2599 3381
3755 2275
1328 9199
56 449
880 3687
1751 1168
850 541
2630 1415
78 2459
3270 9348
16274 1740
1168 3644
548 3270
90 87
8787 322
16274 2654
256 1734
3702 106
1219 28
5190 505
2275 4131
850 106
3755 9
1142 4733
1751 1726
90 719
173 823
2787 595
603 1391
3465 24
2239 6906
256 448
1214 1709
1142 4189
2413 5
818 1771
902 1772
1131 554
3270 850
2630 2599
1422 19682
2599 5016
4131 16
11009 1752
1151 9085
19411 10
16274 2651
1550 4189
1131 19682
3755 603
1550 2969
1739 2275
2239 1219
9 753
1142 173
16274 316
1131 3886
900 2787
1422 9199
87 1423
1335 6906
1328 378
1422 2276
2275 2431
151 36
683 1335
90 603
3582 448
151 753
1771 133
2276 3687
4733 535
5190 1947
4189 9767
2787 3582
437 1335
2515 7897
5 2654
5026 19682
2599 1423
9 1219
719 9849
6906 1807
1131 1947
8785 1168
2599 448
3642 316
1328 692
1214 19711
850 5016
11009 87
1327 3
8787 3381
2630 8787
6198 1396
1415 1407
1739 9
3642 3
850 151
850 7872
1752 1219
78 3755
436 3270
256 449
8787 139
3465 18
1168 9085
1303 19682
1335 8787
5 8787
1947 541
1335 4484
1131 1632
4733 19411
1328 101
1739 1168
4131 2415
818 1422
4733 505
9199 7834
1 1733
4484 2651
502 505
320 18
1550 42
502 378
1726 4189
256 8276
2475 1407
276 6906
896 1709
3642 1772
90 3755
2515 9196
1739 1947
1415 845
256 1432
16274 4366
1168 10
2599 1632
3341 5016
501 554
1739 1327
78 4733
683 3886
1327 1407
90 326
1739 1771
2276 603
3341 9
554 1335
19682 4733
2239 173
2774 1168
13 2342
2475 1214
1214 9348
1415 1632
7508 173
2599 19711
1752 101
1335 1214
4131 663
900 1415
501 106
6198 449
90 5190
3755 1214
1219 12865
4484 3582
11009 2276
5 1632
6198 451
11009 5026
1415 7872
896 610
900 1391
3702 4733
572 30
2475 19711
554 449
3702 12865
1335 9199
683 101
818 2515
2774 900
501 378
603 823
1303 3702
3687 5039
2630 9196
902 1219
6906 1396
1752 845
1151 692
2275 1409
5190 1771
1391 378
151 541
8785 1711
6906 451
1758 1726
1303 8785
1328 16274
5026 938
436 7508
1751 316
1752 12865
9 1771
151 1355
818 1151
4484 6761
16274 11190
1303 2239
1303 1632
1733 603
501 4995
2276 3209
2787 94
4131 151
2787 9348
437 1726
4733 12880
1752 9085
880 447
4484 1329
2431 9
13 3687
256 937
90 4733
692 151
1632 5000
5 2515
850 87
692 2342
11009 1142
16274 42
13 6761
880 2276
2475 9196
1422 1327
326 7943
4189 123
1422 7897
1415 320
2969 5190
9 5016
502 603
1752 1726
1752 19711
5 1168
1219 10
3687 36
2276 3
4733 3381
2774 6906
436 448
8787 12865
1643 19411
1947 580
902 2599
436 900
173 1423
1142 2654
63 78
8785 1214
603 2588
7508 42
1335 610
896 3582
554 1151
11009 4995
63 880
5190 2774
19682 3886
3341 692
101 6906
1 5190
1391 153
1739 8787
13 7943
902 2515
256 7870
16274 9348
13 10
572 1335
554 3
850 9849
603 4431
554 1219
1219 9348
692 316
1771 256
1947 10531
501 30
818 6906
7508 12865
56 1274
3702 5190
436 1131
9 10010
692 1142
173 5016
1168 678
7508 4428
3270 8785
8785 19711
1168 11190
1391 9348
436 719
11009 3
2787 4366
1168 10010
4995 18
3582 1396
4131 610
2413 902
1303 505
19682 6761
1219 448
1168 19411
1327 2515
2413 580
880 8787
2599 2787
1219 133
2276 1154
2630 3465
1771 449
2413 101
3582 16
276 1726
2342 6761
501 850
1219 1274
502 9348
2413 5026
1391 123
5026 2415
1168 448
2630 505
90 101
502 1168
1391 498
1131 1772
2630 316
1550 8787
6198 1740
1 2599
896 1407
436 173
6198 9767
3755 5026
2787 7897
4428 3465
1632 1274
8785 10
2774 3465
2515 184
501 6761
1131 2774
11009 449
78 1
5 3
1328 42
8785 19682
13 448
1422 3
1131 1335
16274 8276
151 19711
276 30
1 1303
5026 1772
3582 9085
256 769
320 1154
2275 938
2275 663
5 1415
1 1632
90 106
87 106
880 19411
13 541
2774 448
554 1752
1726 6761
2475 1772
603 19711
2275 3582
2413 9199
151 5039
256 595
4131 173
4995 10531
880 13
603 3
1219 9085
719 12880
692 845
850 173
1758 3582
1751 1752
151 1702
63 42
1739 326
502 1391
818 2275
603 678
173 1740
880 2342
850 448
719 11060
1758 818
326 753
447 1739
4995 10
2774 1947
5 2415
436 1168
1327 3886
13 1423
2787 505
1733 2413
4131 595
2630 1711
502 1325
1142 769
78 2599
1 1771
1726 1168
683 9
2475 9199
902 1214
56 719
2275 595
3755 850
437 554
850 9199
6198 19711
2459 1168
1550 1726
78 30
16274 28
1391 1329
90 3582
719 8276
8787 133
902 541
2413 4733
548 1739
16274 1772
3341 896
2630 769
30 19411
436 6198
8787 663
3582 9196
447 30
683 1947
1415 8787
818 447
320 5039
1415 9199
13 7872
1739 133
719 28
437 449
2459 320
1711 595
2413 6198
9 6761
2515 1154
1711 2654
1550 5190
13 1214
1327 19711
1391 1336
1758 3465
173 4366
1214 316
3642 9199
30 1325
2774 42
1422 2515
6198 3886
2969 173
1219 7897
719 316
1415 87
1391 1409
276 2413
603 9348
1 7508
2787 7872
2515 16
1 2459
1752 6761
554 6906
4995 4431
256 1325
1335 8262
3702 326
554 2599
1947 1325
3642 8262
502 896
5026 3209
1151 753
8785 42
9 845
9 580
850 769
6906 6761
1733 1303
2515 3
1214 2588
1550 501
13 1709
3702 1328
151 448
1168 139
2275 4733
572 1151
818 1214
1131 320
1947 595
1643 9085
6198 7897
4189 106
4484 541
9 320
13 1325
87 896
501 19682
173 3574
2275 541
1422 12865
4484 19411
1328 5
2275 7943
1151 151
101 2342
1739 896
3270 2630
78 1947
326 9348
3642 106
1947 10
880 896
1151 6761
1415 1423
1327 4484
2431 139
5190 106
256 719
87 1947
56 1632
501 769
2459 595
1391 9199
13 1632
2413 1409
56 378
1328 603
1151 505
2475 16274
1758 3687
447 9085
4733 322
9 4733
2276 94
2515 2604
2969 133
3270 753
1391 2651
19682 320
683 2787
2774 87
1752 8787
63 683
6198 1709
2774 2431
1219 5016
326 3582
3465 1565
1726 7872
902 1947
3702 580
818 902
19682 106
56 1771
3270 4995
8785 3
1142 3465
3270 1711
437 30
1751 1274
2342 9196
2774 12865
1168 2654
101 378
501 1415
1142 19411
554 106
818 2774
2969 3886
436 256
2599 139
900 7943
1751 106
2275 3465
3341 1325
1751 19682
4484 1423
3270 1168
447 1214
6198 2515
87 1219
850 19411
2276 9085
548 1947
2969 683
19411 322
1550 151
1771 4366
2276 535
603 19411
719 10
692 3687
818 554
818 610
1751 1711
1142 101
6198 2415
1947 133
2239 769
683 173
1771 2651
4484 1325
1947 1396
1739 1303
5026 378
2342 9849
13 896
1739 316
19682 663
90 9085
1632 19711
63 256
2275 9
2239 2630
850 4484
2515 19729
1219 603
501 1726
1391 9085
1739 3270
4995 9085
9 19711
1550 3341
2342 2431
3687 1772
256 5016
4131 823
2342 7897
3465 1325
30 4733
2239 1131
719 663
3755 1711
2239 603
8787 3
87 7870
4428 3886
2459 1214
9199 1396
11009 2599
818 1328
1550 11009
2459 1219
1632 28
90 692
1168 5000
818 8787
19411 3
818 1327
1733 769
173 1734
1771 3209
16274 6761
276 8787
4484 7872
572 9199
2239 4995
2630 1752
19411 40
447 151
8785 451
3642 1274
1151 9849
5 4189
4733 937
2599 4733
1733 554
572 2275
902 8262
320 2651
2342 1702
2774 1422
2459 1772
896 1391
692 2415
4733 1355
1771 4733
256 28
5 719
1550 3642
90 1711
1335 845
3582 106
1415 5026
501 610
78 902
1151 2654
13 678
719 42
4484 7943
3341 2275
87 7872
2599 320
9199 938
30 1772
1739 320
1550 2342
3341 1409
447 133
683 6906
1327 850
436 2431
5 1771
19682 256
8785 133
1327 9
256 505
1733 316
1751 101
6906 184
2459 101
151 1772
2787 5016
320 133
572 3
436 42
1771 1336
437 2475
1328 151
19411 449
2431 16274
56 2588
1219 4995
56 4995
1335 448
1550 173
2630 603
501 1335
2459 10010
5 1154
6906 133
320 24
501 896
900 6906
2774 1432
56 2787
896 378
3702 896
436 2515
1751 133
173 3381
603 9849
548 1219
90 1947
2774 1711
6198 4366
572 173
1391 9849
554 9
719 1740
896 1396
90 276
3702 2459
1739 11009
5026 94
1422 6198
5190 2630
4995 1740
437 2276
7508 1772
3642 2342
2413 378
6906 1423
1733 2276
1328 6906
276 56
603 1734
1550 6198
8785 4131
2342 535
3702 1771
1947 8262
2413 56
2599 11190
3465 1409
3341 42
87 256
4733 7870
2787 8276
78 2475
1771 7897
1219 1740
1327 101
4428 1325
1643 2239
78 2515
6198 4189
2969 2239
1643 896
3642 505
1 1168
5190 11009
13 87
6906 36
4484 448
8785 9196
1643 3755
151 94
30 1432
16274 1771
683 2475
1335 2588
3341 9199
1 9
1739 603
1303 1151
1 1643
2459 1565
1327 896
9199 2651
16274 823
320 1407
1327 505
2275 1325
719 40
554 541
1739 1751
326 3642
572 4189
101 9
1142 6198
1726 1632
9199 1702
78 320
1151 1154
603 1740
4995 1702
1327 3687
4131 2599
3755 4484
2787 603
3465 1432
19411 535
1391 3574
1632 4366
13 7870
896 256
19682 42
3465 3209
90 2787
2413 9348
87 2415
173 5000
1151 19411
8787 256
8787 19411
19682 1329
3755 2787
3642 11190
276 1711
1151 448
1550 1711
603 7872
2413 4131
1758 5190
4995 7834
3582 1432
554 610
1733 1752
5 12865
256 663
3270 1432
2413 900
1758 320
2630 753
2787 1336
87 1396
4733 378
16274 1336
8785 4484
2431 9199
1726 1154
603 5039
8785 1422
1151 9
3341 4189
3341 1771
1711 42
2630 2475
11009 3886
1711 1142
436 4484
692 3465
4733 10
1751 580
2630 6761
11009 502
896 123
276 580
5 6761
78 1643
56 3642
1214 8787
3465 133
2599 663
320 4733
2342 16274
2599 16
9199 1432
1422 610
326 2276
4189 1168
2630 2415
1771 541
850 316
4428 505
2413 610
1415 3886
554 101
896 19411
173 19411
9199 24
1726 610
436 1726
1335 1407
3582 9348
902 610
2515 580
9199 1154
1550 276
2431 2588
90 501
1422 2599
1758 1335
437 448
683 3702
1643 106
8785 378
1391 3209
1327 902
1643 1303
3642 4733
1142 2515
502 678
6906 1702
4484 1391
880 818
4733 9199
850 3886
276 1409
1415 719
3465 9199
9199 4034
9199 8262
90 56
1550 683
4131 541
3702 11009
818 3886
256 580
1303 1726
1415 36
436 6906
256 19411
19682 753
1 1726
3270 326
320 322
1422 2342
3270 133
502 1154
8787 8262
3341 2431
19682 10010
436 9
101 1219
326 692
2276 173
2342 12865
6198 106
87 4484
4189 1274
1151 1947
13 2515
151 2588
1168 133
2275 19411
3270 3755
63 4428
1219 1168
1131 501
1758 4189
56 4484
1550 101
4428 173
1219 1423
78 3
2276 2588
1733 3465
151 7943
2413 1328
1415 9
1771 1423
4733 3209
151 320
3755 2599
2515 769
3687 1702
880 1415
1632 663
3341 4484
101 896
3270 7943
1422 256
1751 4995
56 1219
63 1327
1151 902
1131 173
3702 5026
554 2515
1771 4995
4733 4366
1771 9849
603 1154
603 9196
2475 7943
818 5026
4995 3574
1219 3886
11009 13
447 1643
1751 719
1151 5026
1947 505
1752 580
719 580
1739 9085
2431 1947
2630 3886
1335 603
56 7943
1751 9199
3755 320
8785 1154
1422 133
1726 3582
1643 3642
2275 1214
5 5026
1550 13
2431 94
1415 1740
1643 1422
4189 7872
5190 1751
1550 1
16274 937
1771 10010
4428 1214
1632 8262
436 2239
3642 1407
548 1726
1131 3582
1550 5026
1168 173
896 139
5026 153
1142 3582
87 2342
5 1409
6906 10010
1758 502
3465 1702
1142 1432
1550 19682
3687 1734
87 1409
1214 1632
19411 1325
818 101
2413 692
2459 9
1711 3886
2475 6906
850 8262
554 1154
1752 1422
4995 153
3341 133
1711 7872
850 1565
56 5
1739 1711
151 9196
1733 12865
3755 8787
818 437
1328 719
548 2342
87 94
276 11009
16274 153
3465 1423
436 1142
1151 2459
2515 316
501 2787
1142 36
850 8787
3465 663
1752 1415
2969 3341
151 610
19682 4431
3687 6906
87 7897
6198 320
1214 8262
1303 1328
6198 6761
2413 448
4131 94
63 1711
19411 5210
1335 5026
2969 2515
63 1151
880 1391
3465 7870
501 1274
1219 449
3270 2787
900 4484
3687 2654
554 42
2599 6761
13 1947
9199 139
2599 9348
4428 7872
7508 4131
1214 541
1751 2342
9199 2415
9199 3886
4189 12865
1726 753
320 678
19411 1709
447 1752
2239 106
1947 11190
63 2413
4189 663
2276 505
19411 769
896 1423
2475 173
16274 7872
4484 133
1947 378
572 2413
256 3644
101 2654
276 3270
2515 11190
2515 1274
572 1422
30 4995
1739 56
1643 449
3465 5000
501 1154
1643 505
56 938
1550 1142
850 1771
2630 3582
5026 1565
7508 1751
30 1711
1947 21668
1711 320
902 6761
1131 2342
1758 1550
4189 9849
5 603
1 87
3687 719
554 3687
326 1409
2239 850
1168 2604
5026 9085
501 16274
2599 4995
173 541
2459 2276
2787 9085
276 505
437 3341
1168 42
56 845
19682 535
2239 2342
2515 10531
572 1327
4995 1325
1771 8276
2630 19711
880 5026
2630 902
4131 2654
2276 7897
437 1327
7508 3702
19682 1702
63 436
90 1131
2969 1328
4189 1391
9 42
8787 6906
2275 9348
3642 3687
1328 3642
572 2774
19682 1740
692 850
603 938
2774 9085
320 1396
1751 1432
2413 3
2431 7943
896 7872
692 4428
2475 505
1303 42
1739 1131
1739 1391
4189 10010
6906 24
87 173
1643 1771
1335 3642
16274 16
2342 3644
2630 850
719 498
4733 19729
554 603
436 133
683 4484
2787 448
4189 2415
1168 845
1751 2415
902 10
1711 2431
2515 3886
19411 19729
5026 2654
8785 1771
2431 4431
1219 7870
4733 5016
1726 845
880 692
19411 937
3687 133
3755 3642
1131 1726
3582 12880
3465 1355
501 2431
6906 12865
880 1947
603 36
256 5039
4733 6761
2969 87
101 10010
326 19682
151 9348
63 1391
2515 7834
548 3702
880 56
2475 753
56 896
4189 3465
1726 9085
1327 6198
554 19682
3755 9196
2275 8787
2459 3582
2342 106
2342 19711
5 4428
19411 1409
4484 10
880 2459
16274 12880
9199 106
7508 1154
4484 3
1327 378
603 4733
326 87
2475 2276
173 1334
5 3644
1 5026
256 938
548 4131
1214 5016
1168 19711
1751 3582
2787 1274
11009 1151
896 3465
7508 2342
692 505
692 448
19411 498
2275 896
692 1409
3465 7897
818 4428
683 7508
90 1726
19411 3644
1550 326
1632 1947
1328 8785
16274 1565
447 3341
63 5
1391 678
1142 2588
548 320
603 173
11009 316
8785 1219
2431 19411
3341 845
101 320
1726 5016
548 900
1335 7897
1733 7508
1327 106
900 1407
30 603
1327 7943
4995 24
1643 19682
16274 938
1214 9767
437 4484
2459 4131
101 610
902 1432
3341 1214
4733 451
87 1772
4131 1219
90 1415
548 8785
554 19411
900 7870
90 11009
2787 449
3582 123
173 845
56 505
1303 7508
1131 692
2413 3465
19411 2415
572 320
818 6198
2515 1336
2475 4428
90 5
572 3465
9199 3644
78 1752
880 1752
4733 541
548 603
5190 541
1168 7943
4131 4995
1327 2342
173 1947
1303 1752
320 7872
4131 133
900 1154
2969 5026
1752 106
447 1751
1214 3582
1328 769
4428 5026
1771 2654
1 4428
151 1740
56 753
2599 7872
4428 663
2413 12865
5 692
151 1947
1415 378
880 2515
3642 603
1131 2415
1327 580
151 10010
9 36
1947 8276
900 151
1771 123
5 2588
3465 769
101 753
1422 448
850 896
502 10
7508 4189
101 1325
151 316
1739 437
1550 19411
1711 1325
850 9196
4733 678
326 3886
5026 769
818 2599
78 1327
2459 13
1758 90
4428 2275
2787 1740
2599 2654
2276 4189
900 9
11009 4428
3755 449
1726 2787
3755 7943
683 1752
173 133
326 2415
501 5026
880 1711
90 1168
1219 678
276 6198
4733 3574
501 8787
87 11190
78 4428
1733 1151
2413 1711
30 502
1131 42
2275 845
5190 850
554 1771
1168 4366
1 2276
1335 505
1771 678
1303 5026
2413 4189
3702 9348
3270 1752
2431 3886
2431 753
3270 541
3687 1274
3341 4131
1711 7897
1142 541
1643 850
78 2630
1 2774
2342 16
1327 256
1751 151
3642 719
5190 6906
1711 8262
4428 2654
1327 10
8787 123
1632 19682
2969 2774
4428 9199
902 151
447 1131
4131 16274
1303 2431
1739 3702
548 3755
572 106
326 1214
5026 2604
320 7897
11009 16274
11009 850
2431 1632
3687 823
3465 5016
1131 9085
326 1752
502 3465
3702 2599
63 4484
13 316
1422 1219
56 42
501 173
3642 2651
2599 1325
1168 3886
2342 1947
4995 1709
8787 1772
2475 4484
2275 4995
850 595
719 1407
818 8262
256 10010
1327 1740
1752 1142
1752 320
683 603
880 3270
902 19411
5190 1214
1328 1151
16274 1396
276 1432
902 1409
11009 3642
7508 448
1303 106
19682 9196
902 3381
5 13
2459 502
2515 678
5 2599
447 2515
2515 663
1391 845
1751 7943
4428 6198
548 56
1327 2415
437 9
8785 4995
3582 769
13 19682
2276 595
502 1709
30 1726
2276 845
9 1391
2342 580
8787 1409
3341 7872
5026 19411
56 106
3702 42
501 719
1711 9849
3270 3642
1168 451
1219 937
1131 850
3755 1751
3755 1219
8785 692
1643 6198
9 19411
1550 1751
87 320
1550 320
1733 56
151 19411
1328 850
9199 10010
2413 1151
896 7870
3582 2515
87 9085
1739 3582
1327 9348
3465 123
1335 719
2342 4366
692 1154
4484 4189
1422 1423
3687 1336
6198 663
4189 9
1751 4131
2275 610
436 3687
1168 378
8785 1415
1733 505
1632 2515
1391 595
2413 719
1335 938
1 56
1168 3381
1327 2276
3341 850
1335 1154
2342 505
78 326
4484 3687
2275 1771
5 451
4484 173
1151 1327
30 1168
8785 2787
2431 2515
1391 1407
1219 151
1752 1214
173 10010
151 7872
1751 1415
2275 3381
2275 378
2787 1396
1711 173
326 580
30 3582
13 151
548 1328
2969 106
13 19711
1733 42
3642 36
1131 1752
1632 595
554 4189
1131 4131
719 19411
256 1154
2342 5026
1758 19682
19682 11190
683 87
1771 1355
1632 535
1151 610
4189 3582
8787 1565
3582 580
4995 11190
692 7943
1327 1325
56 2515
1771 1329
818 900
3687 9849
1131 4995
5190 2787
2459 902
2475 4733
1391 1432
1142 505
1739 505
2515 139
502 845
3755 2475
437 4995
5190 7943
2475 2431
692 5026
16274 1274
818 3341
173 11060
13 256
1643 610
11009 7943
276 3687
1643 133
6198 378
2275 3209
4995 2588
3687 1409
7508 1214
2630 6198
2276 36
501 3341
16274 5016
3465 9085
1303 2475
1726 1151
1711 6906
276 5026
3687 139
900 9085
4995 316
1726 1274
4733 823
4131 9196
2342 5016
818 5190
16274 18
19411 4431
6906 1734
603 1407
1550 1947
683 8785
6906 3209
4131 3886
850 3209
3465 8276
3465 938
2774 449
1739 2413
1151 173
1391 449
437 378
1142 133
1771 448
19682 19411
2276 7872
1214 2787
1758 4428
1550 2239
1328 2774
151 3381
1751 2276
2630 502
4131 8787
320 123
3642 7897
603 1771
437 316
90 4484
3270 502
1151 2588
1758 5
880 2969
19411 3886
276 1214
2599 938
2515 133
6906 535
1415 595
87 2588
1415 1772
1151 19682
818 11009
13 2599
1632 753
3270 4189
2459 2431
19682 823
3642 6761
1422 845
19682 322
1131 9
3755 2276
1711 9767
1752 173
1711 610
437 151
2239 4428
436 1739
683 1131
902 5026
173 9348
3341 1407
1328 12865
1214 7870
1327 4189
7508 502
1327 1391
78 5026
101 1432
900 8262
63 6906
8785 902
56 603
692 19411
173 2415
4733 1154
572 5026
9199 1565
1415 19411
548 610
1214 449
2475 2415
880 4428
8785 2415
56 1325
2599 1709
90 437
4484 11190
173 139
1726 6906
1758 1711
2239 11009
4484 1214
4995 1734
502 4995
5190 30
19411 1423
554 9348
1771 3
2276 3381
4484 378
1415 151
2787 6761
4428 4131
63 1643
1643 1328
1391 10
256 139
447 4484
818 1142
3465 845
1550 1739
326 10
9 3209
1771 139
3270 101
2413 2342
1214 448
1771 6761
7508 16274
13 1154
447 554
101 1214
151 9767
13 505
1219 173
1739 2239
818 603
1142 378
90 818
5190 8787
326 173
447 502
19411 28
320 769
63 572
19411 1334
3270 1409
436 276
8787 938
2239 8262
5190 2515
1758 9
896 2415
1711 133
4131 1423
1303 173
2774 106
1726 451
1327 12865
818 3755
1733 902
3341 2599
3341 3886
683 2276
1327 9085
1214 595
3582 1219
4995 165
896 938
554 1407
2599 9199
320 3381
6198 3465
3270 8262
6906 173
1751 56
2774 1407
2969 4484
554 502
4733 1702
880 1751
173 9196
1752 151
320 378
173 4034
101 1407
101 16274
6906 16
1214 1274
1 610
1303 1142
1131 5
5190 896
1643 2276
3341 1415
692 2515
3702 9199
1219 2415
5190 9
2630 19682
1303 1711
1391 1396
4484 8262
101 2415
9 3465
2774 554
5026 7870
1168 1407
1214 1772
896 16274
151 678
3341 1391
4484 4131
63 2275
502 1274
1 3270
896 3644
4428 256
1632 7897
3755 1632
276 8262
1303 8787
2239 610
902 1771
16274 256
8785 4189
3687 9348
3755 9348
63 1168
2431 316
7508 896
1 1752
2276 7870
683 3755
276 1947
276 9085
818 1752
1328 5026
326 8787
554 19711
87 42
2515 579
1142 678
1131 106
4131 1168
151 153
87 19411
3755 101
1771 4431
1391 9767
719 1734
1771 12880
1328 87
3687 28
437 902
78 2342
1131 902
2774 3642
2431 719
3582 1740
692 719
1131 437
2431 256
1751 16274
554 2654
2599 9085
3755 6198
1643 4995
63 1550
2275 16274
30 1154
4995 678
1947 2515
719 7870
5 896
1168 12865
3642 42
5026 3465
902 3
436 1327
4131 1771
2239 1751
603 106
13 1565
719 19711
3687 4733
320 9348
501 320
1752 1168
2342 1709
3582 322
11009 2787
3755 9085
1327 2787
1219 1432
2599 3
4428 448
818 719
2515 448
256 19711
1739 9199
1303 437
1151 451
8787 7897
1643 900
2342 9767
2459 6761
5190 2276
320 12880
5026 10010
683 19682
13 1409
56 1409
572 1726
2413 133
78 173
3341 4995
5026 2651
256 24
2239 2275
6906 1334
2276 1772
1303 13
87 1325
572 2599
8785 5026
1751 9348
16274 4431
3582 8262
896 4366
2275 11190
2787 9199
2413 502
2969 603
572 1214
5 6906
1643 1711
447 902
19682 5000
1632 4733
2787 1168
572 1752
1391 505
7508 541
19411 16
87 449
902 505
850 378
850 256
2787 1154
2774 1154
2630 9348
3270 16274
3582 9767
2969 2459
4189 19411
90 3642
9 7897
4189 19711
572 1219
87 6906
2630 8262
1422 19711
6198 19411
30 9348
2276 10
9199 16
548 1168
5190 3341
501 8262
9199 165
1328 8787
1303 1168
1726 1772
1711 1771
3702 5
2630 2342
2774 2654
63 5190
90 2413
3687 541
3642 753
1131 900
902 4189
2413 30
19411 938
719 9767
1168 6906
1550 30
1219 1709
1733 1131
2599 7943
3687 1807
447 16274
818 1751
8787 316
683 19411
8785 896
1131 5190
1771 451
683 580
9199 9849
2475 316
554 5016
2599 94
850 6761
3755 2774
2599 2651
4189 3687
3755 173
501 2275
1726 850
6198 580
2599 12865
173 1325
2239 42
818 502
1168 769
87 10
900 1740
1422 151
2515 1772
719 7943
1219 845
2969 320
4189 1771
1726 7897
1328 2599
2515 505
87 1565
1711 9348
3465 4366
437 769
692 13
2342 10010
78 719
1643 554
56 30
4428 9849
19411 1336
1 3755
2475 1432
436 1415
16274 8262
548 502
3755 1274
1335 316
1751 6906
3642 9767
13 8262
2342 3886
5 101
1219 1772
8785 87
2599 1407
2475 12865
11009 1325
3687 378
447 1422
4733 184
1168 94
3687 451
4189 937
502 1423
1219 663
436 8787
1335 1771
1219 316
6198 938
2275 1274
5026 610
1303 1154
30 3642
4733 9767
56 87
6198 1407
56 256
13 139
6906 1336
2630 4484
1752 3642
572 56
2774 56
4428 13
16274 173
2969 3642
1303 101
5026 16
2515 42
1550 2431
173 153
3687 1709
2969 8785
2599 535
447 2276
2475 9348
6906 7943
1168 1396
78 572
3702 101
3702 3465
9199 580
3755 1752
276 1154
2413 449
1131 30
1415 9085
818 3
1214 9199
1219 535
502 133
87 4733
2239 1947
850 9767
4131 451
1422 7872
9199 4431
1550 447
2431 7870
151 8262
1632 1219
1947 184
6906 9767
1739 3755
2787 535
554 12865
1415 2275
1328 900
719 2651
8787 1391
4995 7872
1711 13
30 1327
2599 9196
19682 94
2413 2774
2475 8787
2239 12865
6906 12880
6198 610
3465 505
101 769
2276 316
572 1131
3687 9767
30 256
902 10010
4484 6906
320 40
2475 87
30 101
554 326
2342 1409
2787 3465
1219 2651
692 8262
276 3341
2342 449
437 5026
1422 502
683 900
3702 900
2969 1131
9 18
1335 2654
151 8276
4189 7897
1 19682
6198 12865
2969 896
1151 6198
2431 3582
5026 9767
256 2651
1726 2431
320 1740
437 580
502 753
502 10010
692 3644
1632 133
2475 1391
7508 3465
4484 8787
3755 6761
1 5
1550 3582
3642 9085
447 5
2630 2787
2342 1423
880 1327
173 498
2969 3
2969 1415
902 448
8785 7943
2413 3687
6198 4131
320 11060
1327 2431
603 9767
2515 9849
437 1214
16274 845
2459 36
554 1772
2475 719
9199 4366
2787 845
1 3341
3755 1422
256 2515
3642 535
276 3582
151 1329
1391 12880
2599 3687
572 3582
1142 3
2599 173
1328 2342
2275 2515
78 8785
3582 3209
256 1702
1335 2515
326 610
6198 535
1550 502
326 101
719 18
4189 1740
2459 541
1711 5016
320 580
56 5016
1131 2630
1142 5026
2459 3886
13 9199
2431 11190
1711 2515
151 719
683 4733
1643 2342
1632 10010
1151 7897
2459 719
1168 2415
9199 2604
436 902
256 2415
436 5190
447 8785
4131 2787
900 6761
1711 3
3642 5016
16274 9085
3465 719
1415 94
1711 19411
2774 2599
9199 823
3702 8785
1214 3465
2475 1335
1214 2415
1758 8785
1131 1142
1391 541
1335 1325
3465 184
1643 13
4131 9348
896 3381
437 603
3642 896
3582 2651
436 5026
1632 9199
818 2276
276 2630
16274 451
436 16274
151 4733
8787 7872
1711 9085
880 9085
4131 3465
3702 3755
501 1432
902 36
719 2515
1758 1632
5190 19411
2515 541
1726 9849
1733 1219
603 16
1415 1391
1328 1335
1632 1771
9199 3381
5190 8262
5 1219
4484 9196
3642 2431
30 4189
2630 101
326 845
8785 2588
2275 7872
2515 498
1752 448
1219 1947
2774 4733
16274 10010
1711 451
880 1303
1726 320
3465 5039
320 36
9 2415
900 2415
13 1740
19682 595
1168 505
256 1355
1752 451
2475 3886
1726 449
1415 9348
1726 2275
6906 5000
900 1214
1 2342
2431 1407
437 4428
3687 449
11009 4733
11009 1409
1327 9196
19682 451
276 603
19682 2588
1726 13
1758 850
447 101
896 9
1422 8262
1335 753
1151 87
2599 3886
5026 1154
4733 11060
1752 3
56 10
8785 1423
850 610
902 2787
902 101
1214 7872
276 1415
87 1771
1415 1947
16274 1702
101 36
9 12865
4995 823
2774 1274
11009 1771
1214 5026
8785 1632
3341 13
818 4131
1733 2431
19411 11060
1391 139
880 554
2969 1711
4131 2431
3687 938
30 1407
3341 101
2787 10010
2276 4366
1391 1154
5 151
5026 595
1327 2654
447 1168
4484 3644
8787 449
11009 505
719 4366
8787 18
1142 1168
850 902
548 87
880 1151
2969 1327
4995 505
3755 8785
1752 4733
572 580
4733 1423
719 579
1733 896
3687 845
5190 502
6906 11190
3270 2431
1739 2475
1726 3886
1142 4131
1327 19411
4484 5016
2515 36
4131 1947
256 40
572 316
1391 4366
19682 1409
1151 3644
3702 4428
896 2787
2342 2787
56 19682
436 9199
8785 30
1726 541
2431 595
880 2475
326 256
692 449
2276 2651
1151 9199
1131 719
1335 4995
572 4428
8787 3687
256 4366
326 378
1739 2774
692 1391
5 502
19411 580
5 9849
6198 10
1643 326
2787 2588
326 3
603 1336
2774 151
30 2515
1758 4131
256 5000
151 769
1733 502
896 541
19411 153
2275 753
63 173
5 850
900 1327
1422 2787
1643 502
1142 1214
1 3582
4428 4484
3341 1632
2459 9196
1 3642
173 184
603 7943
548 4733
3341 938
6906 1329
3582 151
256 3381
3642 1432
1711 719
9199 1423
3341 1752
1726 1391
30 6198
11009 501
4428 1415
11009 1327
87 505
3755 448
1335 2599
1142 9199
880 11009
63 2599
1550 719
87 3465
173 9849
6198 1154
501 7872
9 1702
554 316
1726 1711
19682 4995
78 1214
5026 139
554 378
6198 10010
9 1423
3642 133
1303 326
1947 1355
2459 19711
2239 1214
3702 1391
436 818
692 1711
19682 1432
56 2654
326 1154
603 8276
1168 535
3755 133
2413 541
3687 769
3642 10010
2275 94
1643 4189
3341 902
3341 449
3755 541
3270 5190
1168 1734
1947 322
1726 1407
436 1151
1751 900
326 8785
1733 276
4428 4189
2515 5039
2413 1632
2774 610
320 9199
1632 6761
719 378
4131 3644
2413 437
6906 5039
1303 19411
1303 8262
1711 753
692 320
1142 448
1739 3341
900 692
30 10
4995 5210
603 451
87 9
2342 1154
683 1415
2239 2413
1131 2413
2630 8785
1726 938
850 1214
1214 2276
90 3270
1328 4995
11009 1751
1214 535
2459 1711
1422 2459
2459 2515
4189 8262
9199 316
719 823
3642 2654
7508 326
320 16
1328 610
501 900
4484 5026
13 3642
4189 1325
8787 9196
719 3381
19682 1709
1151 2415
9 123
502 4189
30 3687
5190 902
2342 9199
2342 4189
1131 3702
548 16274
818 501
1327 845
1422 1711
256 106
2969 8262
1739 5026
1303 320
151 3574
548 3687
1303 133
8787 1396
1752 1409
9 7943
1214 16
56 16274
683 1391
5190 12865
2413 1168
2599 2515
9 378
63 896
1151 4733
603 845
1328 1391
6906 449
9199 11060
683 3270
2515 1396
692 101
1422 9849
2774 1409
3642 101
850 4995
548 5
2459 2588
502 1740
3687 184
4995 28
1142 10
1550 572
692 1632
6198 1772
1142 1391
1327 3644
1168 1772
1643 11009
2599 1565
3687 1565
2787 3687
4995 42
4189 8276
63 501
6906 7870
1751 1327
2275 10010
1214 769
2342 173
1219 8276
5026 12880
1 2630
11009 3341
1726 19711
850 3582
4484 1274
902 106
9199 10531
1391 19711
173 94
850 3687
2515 3644
1726 378
2239 6198
2342 8276
56 1415
1151 9348
1327 541
850 2599
5 9348
880 6906
3341 256
502 7872
902 678
1142 2275
902 4733
896 5016
1771 6906
3270 2774
1422 505
2342 451
1 4995
818 151
572 1168
3582 316
902 19682
1733 9
6198 9085
692 7897
2969 1733
1415 8262
2431 1565
1422 1771
7508 30
436 3642
3702 2431
2630 4428
1739 1632
16274 2515
1168 1565
1 133
1751 1391
276 4995
2969 3465
1214 9196
850 1947
4428 7870
30 2276
5 256
4428 12865
683 1643
4131 1632
502 139
9 3687
3341 8785
1168 3687
3687 322
2431 19682
87 580
8785 101
173 1396
2459 663
4733 610
1632 610
502 101
2969 2431
1303 2459
5 7897
2599 9767
2599 1391
5190 2415
2276 42
326 3465
2599 316
19411 11190
900 5026
692 36
1752 1423
1142 1219
1643 316
3687 3209
880 4733
501 2415
1131 2276
554 87
8785 900
502 610
850 2654
1550 4995
2515 9348
3582 256
3341 9196
78 1391
603 1325
548 3465
603 10010
5190 554
1415 106
1335 449
4995 448
4733 1325
1142 3209
2431 10010
880 2431
3687 1423
8787 2654
1391 8276
9 541
3687 5016
3582 719
4733 316
4428 2787
1391 36
1391 2515
719 1329
1550 1328
900 3642
1550 437
2515 2588
1415 1214
1391 535
1752 5
320 19729
548 896
3341 1335
1335 87
16274 19411
7508 1219
1168 1154
78 9
90 2630
2630 5026
548 256
5 663
2969 447
896 823
1168 2588
16274 2604
19411 7870
4484 19682
1632 451
4189 6761
1550 7508
56 151
4995 1274
880 276
5 9085
13 12865
1219 3465
3465 12880
719 1334
1335 9348
501 5
56 502
2239 8787
63 437
1328 1771
16274 10
719 10010
16274 753
818 1131
1415 541
9199 40
850 94
5 19411
1328 30
5026 1740
692 1274
2515 2654
3687 1391
572 151
1214 7943
4428 1432
900 1219
1415 502
2413 3341
896 316
3642 2588
2239 3755
5190 1142
2342 11190
1 2515
2969 8787
880 16274
4428 16274
1214 1396
8785 2276
2276 4995
4131 42
719 3574
30 9085
151 1709
1335 1772
5 505
2275 1632
87 7943
256 7872
896 595
30 2588
13 580
1328 4428
2969 900
1751 448
2969 13
902 719
1726 502
2475 1274
151 498
4733 9849
78 19411
1771 1391
87 12865
900 101
501 9196
3270 19682
1 1947
603 6761
2431 173
8787 1771
572 692
3642 3209
101 256
19411 9767
692 4484
2239 448
13 7897
603 1807
2342 938
2969 30
2774 3
603 1709
1303 902
90 1
78 1632
1328 13
554 173
850 451
1771 9085
1142 9348
6906 19711
554 3465
4428 9
1303 1422
4131 1709
9 19682
3465 579
3465 448
1303 2275
1168 153
3341 106
3465 535
320 42
1751 5
87 1709
683 1168
2969 1422
2774 753
603 9085
2431 1325
603 3209
850 10010
326 2599
5190 320
78 554
3642 4995
3755 4733
2599 1396
1739 87
2774 505
90 1327
2599 1329
436 1422
548 1711
900 13
2275 505
6906 845
1947 6761
6906 1772
1151 3582
1391 7870
1303 1432
1632 9085
276 2774
436 320
437 1391
2276 3465
1751 2275
8787 1709
3582 845
554 1391
8785 2654
326 2787
3341 610
2276 1423
437 1632
1771 580
1771 823
2413 11009
2459 2275
1751 1632
1303 316
818 692
1415 3642
1131 2599
1168 9196
1219 1771
1739 4131
2342 603
151 184
1752 2275
1303 3642
6198 2787
63 151
436 1751
4733 580
7508 692
3341 580
2774 3341
2630 1335
2276 9348
19411 42
2969 256
1733 133
151 2415
437 56
2276 2515
1726 16274
554 1422
437 2630
683 2599
1733 1168
692 133
437 6198
850 1423
2276 106
4733 1432
4733 9348
1214 173
1751 8787
1758 554
502 8787
87 6761
56 4733
1335 3582
548 173
1303 3465
5190 4131
1391 769
7508 87
818 1168
2515 753
1947 1807
1711 502
3755 1142
2239 719
572 4484
501 9
1328 2630
880 902
19411 9196
502 2275
1415 1154
13 2654
101 316
173 610
151 4431
3702 603
1752 9199
502 2415
5 3687
2431 505
1739 42
90 1739
4484 2588
2459 256
3687 8276
4733 11190
502 719
1303 1771
3702 554
1726 3
6198 1565
1327 1423
437 610
1422 9196
1415 139
818 896
3582 2588
9 535
16274 541
2275 173
5190 719
1550 1303
1415 451
3642 1325
437 6906
2413 3886
2459 3
1752 1632
1643 2774
2475 3
4995 1336
548 1752
1328 7943
256 4995
320 1423
1726 3465
1751 5026
896 1432
896 9199
1335 5016
1947 7872
447 8262
2787 719
3687 937
3341 87
447 1219
151 5000
2239 449
902 2276
11009 1415
101 451
4484 151
447 505
2475 1711
4189 719
3755 1335
3702 1751
1550 603
502 902
1733 1739
1550 6906
326 2588
2599 845
6198 6906
4428 10010
2431 1154
554 151
548 2630
78 2969
4995 579
1751 4189
19682 1355
101 133
13 5016
8787 153
1151 1772
2787 1423
320 184
572 3886
9 7870
1168 9849
8785 5
1550 2787
501 1325
1 1335
1214 610
1 902
1422 1415
1632 8276
3687 2515
1632 2588
1726 9
2515 5016
1415 663
1733 2239
554 4484
3582 451
1752 1391
101 19682
1335 896
5 938
719 36
2276 256
19682 937
1391 823
4428 378
5190 4733
19682 1423
818 2431
19682 184
1726 1327
5190 3886
3702 173
1771 18
101 9199
2787 2515
256 36
1214 2515
1752 1947
3755 19711
16274 1168
572 276
320 256
501 902
2275 1154
1422 1154
1550 9199
1751 502
3270 9
1422 1432
2515 123
1151 1142
19411 123
326 13
3642 2415
78 1415
2774 6198
7508 5
4484 753
2969 4189
276 4428
1739 2599
900 4131
1142 16274
320 106
683 437
2459 2787
11009 1432
818 2239
19411 378
1151 1432
2275 535
2275 2588
1771 9199
554 580
90 2774
1415 316
436 1947
900 8787
1151 3
896 2431
902 6198
2515 7872
256 1407
1643 2475
320 1807
2431 4189
7508 1422
683 1422
692 10010
3465 1154
818 3702
502 36
256 8262
4428 2431
2774 896
3687 94
276 769
3582 133
683 1733
572 1391
2787 1947
2599 378
320 1325
902 42
30 6761
173 151
4189 3886
850 10
2431 5016
2630 1391
63 603
4733 5039
1335 3886
4131 11190
818 3465
6906 1709
880 30
2276 1432
1 1739
4428 8262
1214 1409
1632 505
2774 6761
9199 12880
101 94
8787 1274
2630 6906
2275 2599
2431 9348
2475 2599
3702 1752
6198 753
1328 106
5 1327
8787 769
6906 1325
3465 937
1733 1751
9199 769
1771 2515
1947 610
1947 4366
4995 3209
1726 3642
2431 1709
4189 845
6906 7897
1151 5016
2275 823
2969 1168
3642 2276
1758 2342
2787 2604
1751 2599
3341 2276
30 719
1752 1274
13 1771
2969 610
30 769
3642 1154
63 1303
63 1335
4995 11060
2239 437
6198 139
3582 4733
902 1391
2431 3644
2515 535
6906 938
2239 902
4131 896
3465 36
8787 2651
9 505
1327 13
2239 3582
2969 4131
78 19682
4428 6761
880 320
4995 498
78 3582
1142 603
13 3582
1328 753
1947 5039
4189 3209
1711 1407
5 2275
8785 1274
1 3
3642 610
2413 19682
896 7897
850 4733
1327 769
1151 8787
4189 94
1151 133
11009 19411
63 3687
1131 151
101 3
1131 2515
9199 451
1303 3
719 5016
2969 9199
2276 580
320 937
2630 320
3755 9199
5026 1423
1142 938
78 3642
501 1214
4995 1423
87 595
173 2654
4428 1391
436 554
2515 1702
5 580
2630 3642
101 6761
2342 3209
87 753
1328 19411
1771 1325
2275 448
4733 1734
173 7943
3341 1274
1711 2415
2475 3687
4131 7897
3465 2415
1758 1771
436 87
326 9
2239 1154
1752 8785
896 320
2239 1327
692 595
1947 1329
3341 1219
1733 8787
87 2654
1151 8262
1168 9348
2475 151
896 769
3465 1772
2275 603
1771 938
2515 938
5 1214
2774 1415
2787 3644
8787 1740
19682 845
173 4431
437 9348
2459 7870
1751 2459
326 1335
2475 692
2630 56
4131 535
818 2413
1751 378
1751 6761
7508 902
1 8785
90 1151
1726 1219
1751 1142
3341 56
326 1151
501 1219
3465 3574
1550 1151
4484 896
2431 1740
9 9767
554 845
3582 3886
2969 2413
572 1711
896 8787
16274 19682
7508 2275
818 448
9 94
1733 448
3270 6198
900 2342
572 3642
13 9085
1415 4733
8787 9767
63 1751
2431 448
1726 1142
1752 938
1214 4733
3270 554
1214 1432
4131 719
19682 1734
256 498
2787 7870
9 1325
1142 1415
90 133
2787 753
4131 378
101 580
11009 902
3755 12865
90 2276
4189 133
2276 3582
1142 256
1219 1702
2515 106
4733 1336
437 1752
1131 1219
87 16274
2787 1407
1947 316
4131 12865
326 4484
326 449
2413 2431
818 4189
7508 1391
1219 1154
1711 3687
447 501
8787 36
6906 448
9 3582
1947 19411
1131 9199
276 2475
1632 1709
1151 896
692 173
896 663
818 2475
436 548
900 1423
9 151
19411 1355
1151 4131
4733 595
603 1772
501 753
4428 320
436 610
9199 505
603 535
1739 4484
2475 900
692 378
554 896
436 2342
1726 2515
2342 8787
19682 16
1726 1947
2515 8262
1422 2588
4484 2654
719 9348
902 6906
3341 1142
1214 36
1303 1751
1632 2604
151 7870
320 4366
1751 42
9199 498
6198 845
101 678
719 123
1947 535
173 2515
2275 2654
692 2431
19682 3574
2630 19411
5 106
1131 7508
437 101
2459 4733
900 719
2475 8262
2276 1274
4995 5039
2787 1632
9 451
1303 2413
1711 1154
151 595
78 56
1632 2415
1151 603
1632 153
3642 12865
3341 326
1151 4189
1219 719
276 1632
1219 19711
896 7943
1142 1632
2239 501
1214 451
683 1303
90 447
1711 2787
8787 2604
3465 3644
902 2275
900 3465
5 2787
2275 316
7508 3755
719 1355
719 449
1752 2588
11009 9085
3270 2459
2342 3381
8787 11190
1219 6906
2630 7943
30 2459
2787 320
447 19411
3465 8262
902 1154
256 11190
101 8787
900 316
4131 6906
87 5026
1726 106
1947 5016
276 2599
56 1432
1758 900
603 139
1391 133
1632 937
326 1771
572 6198
900 19711
850 1154
9 8276
2276 6761
850 1632
30 151
2275 1407
2787 1772
3341 8262
1739 1219
1168 1336
4131 2588
151 40
900 1771
548 42
8787 5016
1328 3270
1151 1423
1142 10010
1131 1751
3687 663
1711 1423
2969 1726
151 938
1733 2515
1733 4733
1335 1274
101 663
1751 896
1711 19682
1422 7870
502 19682
1550 1131
8787 4995
2431 9849
3755 2459
56 1335
2459 87
2630 12865
1739 8262
9 719
3702 30
3687 153
90 42
4428 1423
2239 2276
9199 18
2276 678
447 603
5190 1415
900 938
1758 101
2342 610
2787 19411
2459 505
554 9199
1726 1409
1303 610
3465 1336
900 4995
173 316
2459 5016
1303 4131
2342 9085
2342 256
1131 610
1643 4733
3270 448
3687 3886
1131 378
548 437
4428 10
3687 1334
8787 28
78 1151
63 1752
902 9849
19682 1947
1415 6761
1771 595
501 13
326 1432
2431 3209
4428 151
1550 87
90 8787
719 21658
572 13
683 1739
5026 505
4484 2415
13 1432
1751 902
436 1219
2599 449
1142 106
320 3644
3465 1740
9199 3209
437 13
1739 3642
2276 139
173 448
1151 1771
2969 3582
554 850
554 5026
436 1328
151 937
4428 106
5026 3886
2276 1396
4733 1709
1142 9196
78 1422
1947 451
2787 3886
1771 19682
1168 36
9199 7872
501 603
5 9196
5190 3
1739 2787
2969 6906
902 580
1303 12865
3465 9849
4428 19711
1751 3341
7508 1335
437 326
2774 502
437 256
4189 2787
2459 8787
896 42
719 153
501 151
3755 753
1391 448
78 42
8787 845
572 603
1726 4428
1328 133
90 6198
1550 896
63 2342
7508 378
1168 12880
2239 1632
437 5190
2342 7870
256 1334
173 19711
13 6198
2599 1771
1771 1734
1947 3574
13 4995
7508 9085
850 502
1771 36
1758 7508
5026 4995
2413 603
2342 595
1335 580
1711 1415
1335 9196
2276 753
1142 845
56 3687
501 692
692 603
502 42
2969 1219
447 13
87 541
447 2475
6906 1355
326 3687
4995 106
548 1214
818 1947
1771 937
8785 16274
2599 106
437 2774
2276 1740
1422 4189
320 28
3465 12865
880 78
16274 2588
1643 3886
101 2431
1733 610
900 4733
2969 2599
6198 1632
2774 2459
2239 2475
502 6198
63 1415
8785 1151
1422 1325
880 19682
2475 5
1771 322
87 448
1328 3465
16274 719
78 2276
3270 8787
1142 663
78 1739
87 3886
2787 678
2969 3755
1947 2604
880 3465
19682 316
850 36
6906 1740
1415 19711
719 678
2515 610
56 8262
5190 501
173 123
19411 24
276 1772
1711 36
320 316
2413 1751
101 1396
6198 173
1726 2654
719 1947
4484 845
1947 19711
151 1334
683 30
7508 19682
2431 449
1771 7870
6906 498
78 850
1335 9085
5026 1219
1550 56
1168 1329
1415 101
2599 1154
447 2342
1752 5016
4733 7897
6906 2515
9 9199
56 133
1711 87
16274 3209
9199 3574
326 2515
1335 101
56 326
3270 11009
501 3465
3755 1947
2475 5026
548 902
151 535
3702 1632
1415 449
1711 541
3702 151
1168 9767
16274 94
1752 1325
8787 1432
1947 3381
1758 6906
1131 1771
19682 133
1771 42
1 6906
3702 1415
2515 21658
447 2431
2969 151
1422 6906
2431 378
3582 36
6198 4733
3702 502
173 36
276 1751
1947 663
1550 1214
1947 448
2431 1329
326 4131
1415 2588
4733 4034
8787 603
7508 1142
1131 3270
554 2342
1947 11060
101 151
1739 106
548 3886
326 1947
90 1632
4131 9199
1327 36
900 580
683 2515
56 316
2413 173
8787 7943
502 87
1711 3209
719 5039
548 2969
3465 3886
4733 133
16274 378
256 1565
1219 106
78 683
2239 4131
3702 1432
4428 3644
4189 16274
4995 9196
1550 1335
2459 173
603 316
5026 11190
880 1632
436 3341
1711 449
1391 610
1131 603
1335 378
1327 502
2342 1740
1391 8262
3582 449
1327 1711
2630 4733
2515 12865
19411 12865
2774 2275
19411 1702
1131 505
2413 2459
256 1329
3642 1565
2275 9849
1142 8787
1758 2599
1771 316
603 3886
87 2276
1739 5
2276 9849
2275 6906
8785 541
880 9
719 1409
256 610
1758 6198
4484 2515
447 3582
1739 692
2459 19682
87 3381
11009 133
1327 9199
101 2276
3465 1396
1 1131
1947 579
3642 845
1328 320
1214 94
5 2276
87 3642
7508 3642
603 322
1947 1772
1422 1391
78 437
101 3209
90 2969
3270 9085
3755 5
1327 2275
2413 1154
1142 2415
9199 5016
1711 2588
8787 1702
850 2275
90 5026
1303 448
7508 5190
548 719
256 10
63 2630
896 10
1711 769
11009 6198
16274 663
850 845
1632 9348
3465 10010
87 9348
9 9348
3582 42
900 603
2475 2459
1739 5190
8785 7872
572 1947
2276 1336
2599 3644
1422 603
1422 13
692 9085
1771 7943
1303 3755
8787 719
5026 845
1391 1734
13 502
818 1726
2969 4995
1751 554
4484 1168
603 1396
16274 106
256 1409
11009 554
151 1423
2239 1752
101 3644
1142 1740
1711 1432
818 9199
8787 10
30 106
3687 2588
2774 1219
502 9196
683 13
5 4131
1142 19711
2275 2276
8787 5000
1335 1142
1335 173
572 101
1632 449
3270 19711
326 1415
2599 123
1415 678
326 316
1422 19411
3702 850
501 12865
4484 9
548 1771
5190 3687
1711 7870
683 896
63 101
1751 1409
326 12865
1947 16
1 2787
6906 320
437 4733
896 937
437 719
1758 437
2413 316
7508 106
902 11190
2969 42
7508 1327
603 3644
880 3702
2239 1335
9 322
4484 1632
3341 1327
320 8276
1632 94
4484 580
4428 1632
3341 554
13 1407
436 3755
173 3209
101 4131
1550 2630
2630 2515
1550 133
2239 19411
9199 19711
1 554
3642 4189
1131 3755
3755 3687
1327 1274
7508 1726
692 3
1327 1772
173 580
3642 94
850 7870
1335 42
1758 326
1422 1772
3755 3886
6906 3644
1733 3
2774 2342
1142 7872
1758 548
1327 603
3270 501
447 5190
1632 5016
2969 16274
256 845
78 1303
1415 1771
1168 8276
4189 256
554 900
2599 1168
4733 845
4189 139
2787 3381
1632 322
6906 42
1327 1565
692 4733
1214 133
320 10010
7508 4995
1733 3270
2599 678
818 1643
683 11009
1733 850
1391 753
5 10
3642 938
320 6761
572 900
1168 1807
8785 2275
320 1709
1733 3687
3687 4995
1947 1334
1947 3
4189 603
2275 769
1131 19411
87 1391
719 9199
2515 10010
2630 133
3465 580
554 8262
326 2459
3687 1407
436 1752
4131 19682
173 10
4484 16274
1711 316
719 1396
63 1214
320 3574
5026 6906
1711 938
1 719
90 3687
6198 1432
4428 9767
900 6198
3642 1329
692 9849
683 2774
276 1771
683 6198
1751 850
101 4733
1303 580
692 1432
2969 3702
683 1142
9199 678
2787 541
7508 133
4428 938
1391 1325
2342 2415
1131 87
1751 1151
850 42
1328 11009
1303 9085
256 753
19411 9199
4733 8262
30 850
4995 3381
896 8262
3702 3886
501 256
5190 1391
1643 501
1947 4034
692 2787
2630 1947
5190 9199
4484 1409
2413 2276
4131 1325
2459 4995
2413 1726
90 3465
78 436
818 13
2239 2415
4995 6761
19682 151
5 2459
3642 139
4733 663
1303 692
1771 5016
19682 610
4131 19711
87 9849
548 3341
3702 1711
4733 449
4484 610
2276 19711
4733 106
2459 133
1151 7870
1142 320
5190 753
1 448
8787 9199
1751 1325
56 580
4131 106
6198 541
436 4733
1391 12865
8785 1335
880 4131
7508 501
437 9085
4131 2515
4484 94
2969 11009
683 4428
19411 4366
1328 449
5026 823
1335 2459
1168 663
1328 502
1643 2787
4189 595
2459 769
1 2969
1214 753
692 1415
1214 1407
603 2415
4428 449
2787 938
1168 823
1550 880
1733 3755
880 1219
2276 12865
1142 8262
1327 2588
548 1751
1733 5
1947 1565
2239 2459
8787 541
1151 2276
1726 1325
11009 692
1758 572
6198 151
818 8785
1391 9196
2599 9849
2459 1632
1632 7870
8787 4366
1 106
1739 769
1947 2651
902 1423
90 4189
5190 603
554 4428
1219 4366
436 1214
2275 1709
3642 1632
2459 151
1391 3644
11009 4484
1739 448
502 4733
2239 316
256 1947
2630 1772
2774 8262
2431 535
3341 900
4733 40
1711 505
2599 1432
1214 320
276 850
1415 10
2276 663
3755 3582
3465 3381
3702 256
2515 3381
9 769
19682 678
63 3465
3755 316
1391 937
1758 896
8785 12865
4995 1407
2599 541
2630 580
1733 9199
1303 850
87 19682
548 2599
2459 2342
1726 36
4484 9348
4131 1154
1739 30
1771 3886
4189 610
436 106
3465 1407
692 1565
900 9199
8787 1407
603 42
1752 505
2969 1751
1328 2515
2413 850
683 3341
2475 1327
8787 9849
9199 610
3687 123
437 19411
2275 101
4733 938
1422 2431
3702 87
5190 1154
4995 753
11009 1214
3465 7943
1758 501
1758 2275
4189 2651
902 139
90 6906
3687 10010
2599 769
5026 320
3755 1325
1422 7943
501 1632
3341 5
1335 13
2599 1336
2599 4366
850 2431
572 1328
2630 2459
151 9849
447 42
3270 3687
2630 9085
1752 753
320 505
2431 678
8787 42
1947 1409
320 1409
151 11190
13 106
30 2654
692 9
436 9085
2342 378
1391 4733
5026 123
6198 2654
4131 7870
13 36
326 9196
1327 753
276 896
56 1422
447 276
4189 2588
3755 42
603 8262
1711 4995
3582 18
6906 9849
3270 1415
30 541
320 1947
4995 2654
572 11009
4484 719
2431 9085
8785 505
1328 256
3341 9348
3702 501
554 692
692 663
78 896
692 896
2239 2774
30 1151
1303 1415
2413 1432
63 1733
5026 1325
1726 2588
2276 8787
5190 9196
4995 1807
1214 2431
173 663
3270 42
1327 1947
2239 1772
56 9196
1947 769
1142 449
5026 7872
5026 1432
3465 1274
1751 2515
1771 9348
501 7943
5190 692
7508 1771
1733 2275
4428 8787
1214 4995
1168 316
1751 692
1214 378
5026 580
1733 5026
1415 505
8785 3582
256 94
1335 4733
4995 535
1711 3642
2774 5016
437 2459
3270 4131
6906 1432
2342 1168
13 1415
1214 3209
1391 7943
1219 3381
2276 448
603 1409
1 6198
16274 1432
6198 3381
256 579
1751 2431
1947 1432
56 6761
9199 3
1632 6906
1 437
30 938
1726 133
1142 502
1151 769
1726 19411
880 326
2475 2787
447 326
1142 139
1751 87
2413 16274
8785 6198
5026 1274
2774 4131
4189 753
3270 5
101 19411
2599 1409
13 1219
2630 9199
4131 5026
320 610
2787 9849
4995 184
19411 325
2342 316
880 1739
692 19711
1632 5039
683 316
1 30
1643 1219
896 1740
2431 2276
447 3270
276 101
1947 7897
151 2651
2787 4995
3341 2515
1131 8262
56 850
2413 3702
1711 4131
3465 2515
3582 823
902 753
9 2654
3270 256
173 535
30 1219
2275 12865
548 11009
9199 10
6906 2654
1733 1771
572 8787
3755 1327
902 3644
2459 938
1711 1168
326 6761
447 1391
151 322
1947 1709
3687 12880
5190 2275
90 173
2239 320
2475 541
151 3209
8787 10010
78 692
1751 13
1711 850
2413 9
2276 378
3642 2275
5190 173
603 11190
3582 1771
818 16274
2969 4428
436 683
2969 19682
9199 845
554 1325
2431 2787
3642 3644
1303 1131
2787 1702
1632 4995
900 1409
2787 823
2787 8787
1142 1154
16274 4995
1328 19711
1328 505
78 1335
326 2654
320 7870
880 3755
1739 1328
896 580
818 2342
1415 896
683 2342
572 2459
3341 5026
3642 580
572 326
1752 719
63 19682
78 4189
4189 36
276 501
9 3644
548 3642
900 320
151 4366
1391 2588
1758 1151
548 2475
276 16274
2275 1168
1151 101
548 6906
1327 7872
1947 19729
7508 4484
2787 937
4995 937
173 1407
880 3642
1 320
1758 1947
173 12865
276 173
1151 6906
2787 4431
4428 3209
4189 1407
436 19682
2599 580
326 9085
56 2275
900 2515
101 42
101 9348
1151 10
1168 3
2969 9
2342 1325
16274 322
1771 2588
2239 16274
4131 9085
4428 1565
2475 902
4995 845
554 2588
1550 902
436 101
501 42
896 2276
5 1565
2431 1219
1391 3381
11009 12865
1643 5190
2275 1565
78 1726
3270 9196
1726 101
19411 505
320 1565
2459 106
3702 1142
900 10
3341 1711
1151 3642
1711 9
502 2654
30 1142
90 902
4733 9196
16274 4733
13 2276
90 1219
1758 2774
3702 1726
1422 1409
1214 845
173 1154
2599 2431
173 1702
1632 3886
320 663
3702 4484
101 541
101 1565
5026 4431
554 2459
3582 1274
276 692
1142 13
502 2276
13 3
5190 5
1550 4428
3465 1807
151 6761
502 5016
3582 541
19411 1807
2459 1740
9199 663
2413 4995
3687 1396
1751 2774
2276 1409
3702 1154
4484 2276
1 1422
502 769
1335 7943
1643 3270
1415 2654
2342 36
16274 448
3582 938
1726 9348
818 683
90 2459
1335 850
5 449
3465 16
683 1327
1752 1335
151 1409
320 4995
3465 595
3465 9767
2515 2651
8785 448
3687 595
1 548
90 151
2599 16274
1327 1415
173 7872
880 501
1328 19682
2239 2515
1303 719
1550 3465
1752 6198
1632 1325
16274 7870
2599 753
19411 94
692 256
1151 42
63 3702
1550 2275
19682 7870
1752 87
6906 322
3582 12865
8785 13
3642 1709
2630 326
3465 498
326 4995
3582 378
9 1154
101 8262
2431 3
554 1168
683 502
2239 276
5190 3642
447 3
2431 610
1328 1726
880 151
1219 7943
436 5
1219 36
2774 378
3687 19711
5026 448
1733 1391
63 3341
1632 139
4733 2415
900 2459
7508 9
2774 769
78 5
3341 7943
19411 8262
101 11190
2475 1142
683 447
3642 595
30 7870
3582 173
1168 16
320 845
1 11009
276 2276
173 753
1303 3582
554 1142
1131 1327
2239 1726
1550 5
3702 378
603 4366
78 2787
256 3574
1151 2515
16274 3644
3465 316
2630 4995
326 9199
1328 3886
2275 4189
3341 603
2969 5
1328 580
1771 9196
1632 123
4733 18
1771 1396
1711 101
719 106
19682 7872
1632 938
502 1771
3341 505
1422 4484
151 12865
501 316
326 1423
1131 502
692 610
90 3702
6198 1274
1758 1168
1771 1740
1219 753
4189 1336
1643 6906
3755 326
1303 11009
8787 451
719 24
896 10010
548 572
19682 123
30 5026
2475 9085
1739 902
1733 1632
1422 173
8787 595
16274 1407
2431 3687
501 5016
4189 541
502 4484
1733 11009
1758 5026
2431 1336
818 1391
1142 1407
1328 3582
1632 1336
30 610
1151 3886
719 11190
30 7872
502 5026
56 320
5026 106
1335 6198
603 10
2276 4733
8785 8262
1168 320
2239 505
56 900
1947 4431
2239 3642
1643 8787
1415 19682
2239 3
5026 316
9199 1274
30 896
87 9196
87 2431
1739 12865
4189 173
902 7870
2239 1328
603 1432
447 106
1415 4484
1303 4733
326 30
2275 9199
1219 451
1752 2599
3270 2415
6906 4995
1632 256
1550 4131
1219 9196
3687 12865
173 1432
7508 1632
2342 1336
1711 1391
683 5190
1751 1422
4733 4431
30 9
900 1711
1739 256
3687 678
1 603
692 1771
719 4995
1422 769
3642 256
2239 3465
548 1151
56 4189
2431 1702
4428 580
3582 1154
1643 1739
501 9348
87 3644
902 1325
501 502
1214 9
1643 2413
1550 106
683 9085
1391 7897
6906 106
572 3755
1771 753
5190 449
902 3886
1335 1151
4189 678
4733 1740
501 8785
3270 692
1335 1726
1771 184
1219 18
436 2413
1752 2276
9 1329
902 1396
850 6198
1771 8262
3465 19711
2275 451
683 3642
3702 1409
683 1726
6906 1407
3687 16
2275 256
19682 1274
101 1274
1391 10010
1219 6761
11009 719
1415 6198
30 1274
1550 1327
1752 2342
1758 256
900 2276
902 173
151 9199
896 4995
900 19411
63 818
1214 938
1391 16
1131 326
1711 10
501 3642
3755 1154
326 5016
447 1947
4131 2342
87 451
603 184
11009 256
78 2275
900 12865
151 3
13 4484
1142 2342
4733 1565
1726 1432
1643 2431
603 1702
1219 610
572 449
5026 1702
501 4189
1327 16274
63 7508
1733 1711
19682 12865
900 256
4995 3886
1771 845
548 326
502 3209
1758 4733
2276 1702
90 1751
3341 9085
572 2630
56 4131
4428 603
1758 3642
63 13
1751 9085
1415 2599
501 2342
30 3886
1632 7872
1142 316
5026 10
19411 139
2515 1565
1643 9
572 3341
3702 56
4733 36
850 753
1751 3
6198 448
7508 13
437 4189
1711 19711
320 3209
1214 1168
173 24
436 447
548 30
90 1328
19411 7897
447 2774
548 2787
2787 2415
1771 1154
1168 184
3582 505
1739 3465
4428 610
2431 769
90 13
1214 19411
1303 256
1131 16274
78 447
5190 133
1643 3341
2475 2342
3582 1329
447 896
11009 8262
276 3755
3270 378
1327 4428
1947 2654
1771 173
9 1409
276 1142
13 2275
2969 2475
256 11060
501 4428
4733 448
1711 663
8785 2515
1151 1409
6198 2276
2774 603
1739 1422
2276 823
850 663
3687 7872
5 7872
1415 9196
2630 1726
548 9
1751 1219
151 5016
1711 6761
256 678
1550 2774
326 16274
1151 2787
902 449
1643 2275
3465 823
548 1142
1327 1168
2774 1391
3642 1219
3341 173
603 5016
9 1709
56 2342
90 256
19682 2651
3702 449
3465 320
19682 139
850 2588
56 2431
2774 326
1422 3886
6198 1391
3582 7897
1751 9196
4189 1709
2275 3
900 7897
4995 8276
1752 2431
1214 16274
11009 2515
1711 845
502 2588
173 42
2342 94
16274 133
572 1733
4484 1947
19682 7943
436 326
1632 448
437 692
9 7872
9199 42
101 1709
13 320
1328 896
1733 3341
1151 1632
3341 19682
3755 902
2475 42
30 320
2275 3886
1752 1771
1335 1422
5026 937
683 133
2275 2787
2275 2651
19411 1772
1422 316
4484 769
1415 1274
3702 4189
1758 8787
151 133
1335 4131
818 4995
1422 5016
603 449
2239 1391
2431 1396
2787 1409
1219 11190
4189 1702
326 1168
437 3
87 151
2239 580
1 692
1327 133
4428 1711
5026 1409
326 4733
1711 603
2774 1325
3642 1423
572 505
9 12880
3642 2787
1643 719
3642 8787
3755 2342
8787 2415
4428 3
13 4131
1726 4733
7508 19411
437 2431
2599 151
900 1726
896 1336
4484 2275
1327 6761
9 1947
19682 3209
1303 2630
3702 2630
2599 2415
2599 610
2774 30
850 19711
2413 1752
5190 2342
1643 151
1415 1709
850 2515
87 3
5 1142
1131 449
3755 1409
2413 151
3642 320
63 1771
692 1219
880 1335
6198 678
902 896
9199 1355
173 8276
3270 1327
3687 610
30 7897
3270 2475
276 610
90 4995
4189 2515
320 139
5190 448
1758 1415
56 12865
1711 4484
1422 938
5190 4189
7508 1409
1726 448
8787 7870
1151 1740
9 1274
2475 19411
1758 276
1632 1391
11009 9196
554 30
1751 2475
173 2651
1752 6906
2459 845
3270 449
87 36
3642 3465
1739 850
4484 12865
502 16274
2774 173
4484 320
1151 7943
1151 1219
572 1415
1303 30
437 42
1131 8787
1422 3687
63 2787
2515 1740
501 133
326 8262
896 448
603 4995
30 1771
19411 6761
3642 1168
850 12865
436 11009
256 12865
4131 1396
572 9085
880 2787
19411 21668
2787 9196
56 2459
850 1415
8787 2588
1168 9199
572 8785
1142 9767
78 1771
6906 769
1771 320
1947 165
437 1151
7508 320
1643 1751
896 9849
572 447
5 5016
1947 9199
11009 3687
1391 316
2431 9196
8785 3465
896 9348
56 1151
1335 2415
2599 8276
880 101
2599 3582
437 320
2413 256
818 5
1739 101
850 16274
603 3381
19411 610
3687 42
1422 719
2475 4995
1303 2342
2276 5016
554 9085
3702 437
2475 1409
3270 106
502 3
19682 24
1335 5
256 123
6198 1219
173 3644
4189 151
6906 9199
436 501
900 1947
850 1407
2774 580
5190 56
1151 502
276 5190
9199 12865
2475 448
447 6198
19411 663
1327 1409
4428 19682
19411 1274
9 1432
502 8262
4484 4733
3702 541
719 535
2459 753
1 447
572 2239
6906 9085
87 1214
3755 610
1303 4484
1168 19682
447 4428
1726 4484
4733 2654
1335 451
1771 151
173 9767
2275 320
276 133
1 850
1151 316
2431 1772
1711 256
2342 6906
447 3642
501 1142
326 1327
501 2459
2413 326
902 938
4131 9767
9 2604
1214 580
1 572
1711 10010
692 1423
9 2651
4131 36
572 3687
1726 2276
1422 1632
3687 316
6906 3886
4484 3886
1422 16274
1711 580
1733 19411
1726 256
1151 19711
683 1214
8785 4733
1335 10
3702 6198
6198 11190
9199 5210
3755 1415
1415 2342
8787 580
7508 3341
1142 610
683 1632
3702 902
1219 505
173 4995
1168 151
9 938
1131 2431
3341 151
719 94
30 1415
11009 3582
2239 1142
1752 900
1168 603
2787 1329
63 276
2599 2276
1726 3687
4428 4995
3642 451
3582 3
1151 938
19682 28
11009 6761
16274 19711
1168 719
2774 2415
1550 554
6906 753
896 449
11009 8787
3582 1702
501 1772
692 16274
1733 900
2787 378
1751 769
501 4484
13 719
6906 9348
6906 378
11009 448
2599 6906
3582 1336
256 3209
1 1142
896 6761
1758 63
6198 5026
4428 451
1733 101
5026 133
7508 1415
2774 2515
3702 3687
554 8785
880 4484
1751 8785
1643 1733
1643 8262
4733 7943
1947 1702
90 1142
1550 16274
2459 1407
2275 42
3270 2342
554 320
436 1733
9 8787
437 3642
1751 4484
30 133
63 9
1415 12865
256 12880
2413 1772
1335 1632
1328 316
2342 1407
692 1325
256 9767
1739 501
2413 8262
4428 753
719 6761
3341 3465
1 3687
2459 580
1328 1432
11009 326
603 378
276 151
437 9199
1415 1219
1771 7872
5 3642
11009 541
3270 19411
1391 1947
683 501
1131 276
1711 6198
2459 1391
19411 3381
501 19711
90 4428
436 3702
3687 1771
3755 4131
554 5
1758 3341
548 276
5190 4428
87 101
326 1726
19411 579
1415 9767
4484 1396
4733 24
9 4995
683 9199
326 769
1711 12865
2459 9348
4131 3582
78 603
719 1807
326 541
4484 603
2969 2630
4733 1334
3465 11190
4733 1274
900 5016
1142 7943
719 1702
173 719
9199 123
87 5016
850 2276
447 3755
8785 19411
1168 1391
2413 4484
87 6198
276 2275
1391 1355
1733 256
56 1154
850 449
276 326
2342 3
1752 610
56 4428
326 42
78 1328
2276 769
326 2275
1335 30
2239 9
900 896
1752 4189
63 1947
4733 1396
880 548
1142 1772
2515 845
63 692
1 2239
5026 7943
6906 256
900 753
896 4733
447 2459
2599 42
5 87
902 316
501 4733
1643 42
1632 1702
2431 4733
447 6906
1739 3687
276 2459
4428 1947
3702 1772
436 13
1219 19682
502 3582
2774 2475
3642 448
501 1422
2239 13
2599 505
3702 3582
9 173
1643 1632
1214 42
1391 2654
6198 1325
3582 3465
2431 19711
2459 1947
78 1219
11009 8785
437 896
880 1214
1632 845
2276 7943
19682 11060
16274 580
1771 505
8785 9199
2276 938
1391 94
1303 1391
1168 1274
4189 2654
2599 256
8785 1432
447 1711
9 9085
9 6906
1151 2431
502 316
692 1947
276 1151
6198 9849
87 2515
4428 719
151 7897
1771 16
87 19711
2515 1734
1168 2651
173 9199
19411 10531
4484 1219
4428 6906
6906 1565
3465 139
3270 30
1142 1325
1947 1734
1643 256
554 9196
818 2459
3465 2604
1219 7872
276 1328
3465 19411
850 1409
3755 769
1632 320
2599 5026
16274 1219
436 502
2475 6198
1142 3886
502 1565
1151 12865
320 2515
13 94
2342 2276
692 938
5 9
11009 1154
276 1422
902 1709
3582 753
3687 2604
2413 505
880 7508
501 541
2342 1772
902 7943
1733 719
78 3702
1751 501
896 133
2459 449
13 845
3702 4131
4428 101
3642 19711
30 16274
5 19711
1214 139
2599 719
1771 2415
548 8787
1303 2415
572 3702
8787 1154
1168 28
3755 3341
8785 6906
1415 753
19411 541
1328 173
1219 3
1758 1142
16274 1423
19682 9348
4131 316
3341 19711
30 4428
11009 900
276 448
1632 1807
719 3
554 2275
8787 3209
1328 2475
1327 2459
30 7943
63 90
1303 6906
2599 595
4189 448
1328 1168
1219 3687
1131 1154
1733 3886
1422 6761
818 3687
719 938
1947 9196
1726 8262
1739 1415
447 1142
78 9085
5026 753
276 87
1335 2275
8785 603
3687 7870
1726 87
1422 1168
6906 123
2515 6761
1632 1423
692 9196
5026 3
11009 580
19682 9199
1422 541
719 2654
3270 719
2276 8262
3755 692
1391 1772
437 3270
63 4995
3755 1771
90 1771
1947 3886
2969 1151
1219 9199
818 9
9 2588
2475 1632
7508 2787
1726 769
1327 6906
1711 9199
719 184
5026 8276
1335 1711
447 2630
850 938
2459 1415
1391 1702
1335 7870
2774 9348
1327 4131
19682 9767
1751 256
603 123
818 19682
87 769
90 1214
87 4189
3582 937
90 850
63 2431
2342 123
1947 1336
2459 1325
5026 6761
4131 448
692 902
1752 1772
1219 2515
3642 4131
3687 9085
1151 378
3687 18
1 1327
1391 320
3687 1329
3702 1151
1214 896
850 1219
4733 2515
256 378
818 326
3702 19411
4484 505
5 902
1328 4484
1739 1151
2276 1709
2342 10
2459 4484
2431 16
11009 9348
5026 5000
4484 6198
276 900
3702 9
1214 719
2630 610
4131 1740
2275 2415
3755 56
1327 1219
5026 173
1219 595
87 719
3582 9849
1726 505
3702 692
548 19682
9199 28
2774 19682
1752 9348
3642 2515
880 3582
4484 42
1739 1154
2459 1274
87 2599
1214 823
3687 3465
90 2475
320 535
3465 4733
501 1327
8785 9085
501 448
692 12865
3341 3
1328 541
1733 437
11009 101
2475 769
7508 2475
1758 106
1 4484
78 101
13 173
1151 2599
1751 541
502 3642
2599 451
1 101
2787 2654
548 4995
603 1355
5 753
3702 2415
2774 9199
900 1772
1391 3886
603 2651
2413 9085
548 850
447 1415
900 2599
30 845
502 3886
1643 2630
719 448
3465 753
2630 3341
437 502
151 663
572 4733
2969 326
1168 2515
101 1740
1142 2599
4189 1329
3642 3582
1632 1772
2342 448
9199 541
437 87
1168 7870
2239 4733
2475 9
1415 3465
5190 42
2413 2599
1726 2459
902 8787
880 2599
2431 7872
6906 663
9 8262
2599 133
30 19711
320 2415
2787 1771
6198 7943
3341 19411
896 3209
1726 7870
2459 1771
501 6906
3465 1709
13 2787
850 133
1751 320
2239 1415
1327 3642
78 1142
3755 1168
2459 1423
7508 3582
2515 7870
5026 16274
3702 19682
3270 13
1131 11009
4995 2415
5 1274
256 2604
256 823
30 902
1131 13
4995 449
4131 6761
436 437
11009 151
173 1772
9 3886
3755 1391
1 8787
1303 3270
447 1632
173 378
173 938
8785 1325
2275 2342
900 1432
902 9199
6198 2599
447 437
9199 9085
78 818
3341 316
8787 4733
501 87
1415 580
1219 9849
276 8785
818 1335
4733 1407
2275 678
880 6198
3582 1409
2276 2787
3642 6198
3341 6906
2774 19411
1415 133
900 2275
4189 1219
19411 678
2459 378
2515 1325
2475 896
1219 322
2630 256
603 28
3702 3642
1632 9767
1214 1771
880 106
2413 87
3270 900
326 505
16274 9849
1415 7943
1643 1335
1643 3687
2787 1325
2515 937
320 1329
2630 1409
9199 9348
1151 1168
3755 505
1151 4995
9 448
2599 1740
501 1752
548 2774
2275 106
8785 1947
2774 541
603 2604
2276 1391
6906 3465
1151 9196
3582 1423
850 1274
320 4431
320 1432
19682 153
1303 501
1131 4484
1131 448
1771 1807
90 1303
719 1423
1733 3702
3270 1142
3270 1335
3341 4428
3687 19411
501 101
4131 10
1219 1807
2276 1219
1752 3465
1758 1739
2239 56
2774 719
2239 4189
3687 535
1751 449
1328 2415
1632 106
11009 1219
502 7943
3582 16274
1422 106
447 87
1391 5000
1643 1327
3270 1214
1643 448
8787 678
3702 4995
16274 678
19411 823
1168 8262
4428 541
719 21668
4131 1336
19411 5000
1 1751
447 9199
4189 938
101 3687
8787 3886
5 769
1328 56
900 16274
1947 21658
2342 2515
4733 1329
1328 3687
101 9767
7508 603
2630 449
1422 8787
572 554
11009 173
818 572
902 94
2276 1325
1303 449
1168 1702
1214 1391
4995 12880
896 505
19682 1407
4995 36
2787 2651
850 3644
19682 1325
19411 595
1131 3341
4189 823
11009 42
19411 7834
1726 719
2239 502
2969 2342
320 12865
3642 1391
2431 1423
900 1422
1758 2630
9 16274
56 1391
1643 1168
4428 7897
2239 151
13 2588
2787 4733
4733 42
4733 8276
2459 7897
896 1329
2599 1772
56 9085
1643 12865
502 541
2630 541
56 769
2239 3886
1752 378
2275 1391
900 1168
502 449
4131 449
6198 719
692 3582
1422 9
548 101
1131 1422
19682 498
1643 603
572 502
1391 19682
2342 4733
850 7897
896 535
2599 9
1751 19411
63 5026
1711 106
1142 2431
3270 3886
2599 19682
2599 8787
11009 2275
2342 896
1550 3687
2515 823
3642 2599
13 9348
2515 449
1415 2431
437 850
3582 8276
7508 2415
1550 548
2275 580
1 326
1733 1726
320 19711
4428 133
902 845
3270 316
1771 610
2774 2276
1 16274
3702 3341
16274 1154
683 2275
63 8787
1758 13
1303 603
1752 603
4131 769
437 1771
1752 133
572 1643
2239 1422
2342 7872
1328 6198
896 5026
447 900
2630 42
436 850
603 6906
1 3465
276 1168
4428 9196
19411 10010
2774 16274
326 4189
1739 4428
1752 19682
719 1154
5190 9348
30 4484
1327 7897
502 9085
30 448
880 1422
1632 1432
13 1391
3755 87
1643 7508
1303 769
90 2431
256 7897
